70 884
41 40
19 60
66 45
47 25
65 13
41 30
69 10
46 22
66 17
68 25
15 28
5 15
30 13
30 65
38 51
5 22
1 22
16 70
54 32
14 44
15 42
54 12
38 50
68 70
38 56
14 4
47 20
20 9
10 52
48 44
32 20
65 9
54 34
25 42
59 51
15 25
19 61
14 25
56 23
48 41
61 50
58 7
19 42
68 65
63 10
33 18
40 28
40 70
2 5
25 56
6 16
6 23
41 44
63 44
21 20
10 17
6 25
49 38
8 53
2 68
63 55
40 29
6 65
44 29
40 27
68 9
24 13
48 52
59 13
46 52
70 18
57 44
45 25
29 28
14 39
38 35
14 45
54 51
59 28
48 39
14 38
11 14
14 29
40 42
40 56
22 32
21 69
66 10
61 65
60 36
47 27
19 47
4 40
58 53
29 31
37 8
10 25
21 3
33 68
4 52
60 49
16 29
49 35
36 17
46 13
70 50
39 13
3 46
15 30
54 38
69 50
61 42
39 31
11 25
25 30
69 22
47 65
26 52
26 18
41 9
65 32
57 47
14 34
61 13
38 68
24 40
34 56
21 12
49 63
46 27
40 55
41 33
45 22
25 52
68 45
15 9
48 42
59 27
58 18
69 26
36 28
46 42
70 13
1 3
42 13
57 55
12 44
41 68
19 16
53 17
15 35
8 68
68 32
41 61
64 36
60 32
58 52
41 52
1 26
2 7
63 47
46 18
40 10
21 30
26 31
21 41
7 16
59 49
41 20
10 13
2 66
18 32
63 56
25 20
16 20
47 61
38 9
58 2
48 14
33 22
16 13
45 35
59 3
22 23
53 13
11 30
22 28
39 55
59 9
64 25
63 34
47 42
15 55
43 64
61 20
63 61
40 23
48 57
54 20
2 40
49 14
15 46
2 70
48 61
39 9
40 32
42 27
3 9
19 35
14 23
49 56
21 55
19 7
66 46
2 30
38 10
38 32
69 38
34 52
19 65
33 30
1 29
69 2
38 65
48 3
8 5
64 57
26 50
58 4
31 17
38 66
34 36
38 4
36 65
67 36
59 17
69 59
47 30
47 15
57 63
64 10
64 13
69 52
8 42
61 51
53 35
61 9
19 13
59 44
19 18
40 16
19 38
63 50
63 15
14 51
64 52
63 35
53 28
57 35
60 50
37 28
14 64
59 70
10 28
69 12
38 33
64 32
59 55
8 4
63 27
60 29
10 65
69 68
15 50
27 50
43 30
11 13
57 17
11 69
30 17
57 70
48 63
37 39
38 45
64 9
8 2
26 64
26 27
30 56
66 20
69 64
16 15
11 70
69 70
30 50
8 27
16 61
21 24
31 32
21 47
21 14
46 31
22 9
48 51
16 36
68 44
48 25
66 70
1 65
5 35
66 42
61 18
10 42
1 56
41 15
15 56
16 55
5 44
43 17
63 45
4 34
11 46
30 28
16 23
33 20
48 23
69 25
11 35
1 28
47 35
1 53
18 35
41 25
60 40
15 52
25 35
59 23
42 28
59 42
66 22
47 36
66 57
5 29
14 41
8 12
21 13
37 52
15 23
53 27
6 22
63 18
54 33
53 29
6 45
48 29
14 5
38 30
38 36
16 32
5 31
41 46
27 9
15 31
19 3
54 3
66 62
16 18
47 55
11 44
47 29
21 40
8 7
47 70
38 64
8 65
64 51
64 47
28 23
14 17
26 24
69 30
30 18
53 34
14 62
26 28
15 22
47 9
64 28
68 16
67 1
11 43
1 4
47 32
25 27
27 22
42 18
57 42
60 59
66 4
29 32
1 34
19 49
49 31
3 32
69 40
18 31
38 22
65 31
41 5
29 20
38 25
40 51
61 52
16 52
40 52
10 35
3 4
30 32
16 25
14 20
68 30
11 22
2 55
37 14
2 39
8 46
25 51
49 28
36 22
33 9
10 46
18 9
10 31
64 56
54 44
48 26
21 45
64 68
66 27
1 62
1 13
69 61
49 12
68 36
22 56
2 10
69 33
51 22
25 65
60 34
49 10
26 4
16 46
16 51
33 51
29 42
48 9
24 23
8 69
40 46
48 13
41 29
66 64
1 12
61 36
40 61
15 32
48 32
36 18
40 25
61 25
54 46
66 55
21 5
21 58
33 52
27 65
26 17
58 30
11 34
11 10
23 35
63 30
1 42
43 55
66 32
27 13
41 22
61 56
57 13
68 51
10 30
57 5
11 27
2 12
2 16
21 50
40 22
41 42
54 23
8 47
10 45
11 67
45 9
18 56
59 7
60 25
67 53
41 70
58 46
2 14
37 11
2 33
37 35
15 17
58 64
19 62
27 18
40 20
40 50
64 40
18 23
1 59
5 20
45 65
68 10
47 16
21 49
14 28
19 48
8 33
70 52
40 9
1 45
60 33
32 56
25 31
1 46
25 28
40 17
26 13
19 24
10 61
21 43
64 20
64 70
37 19
30 55
39 36
38 31
21 39
2 35
21 4
5 9
40 13
61 28
66 68
60 61
48 28
54 60
54 5
53 46
69 43
60 22
2 41
1 35
45 32
11 23
14 57
53 44
6 29
34 25
57 33
47 18
63 36
16 31
15 51
41 17
41 31
3 52
68 47
66 52
59 50
32 13
25 22
38 29
53 9
47 46
66 33
48 58
63 9
27 20
15 20
21 68
16 17
46 61
38 34
21 23
49 33
27 17
69 17
41 16
54 4
39 65
2 56
11 20
19 59
25 18
39 46
63 52
66 13
19 68
30 51
29 27
45 51
38 27
27 31
5 17
48 7
56 35
17 23
21 48
19 12
54 49
1 70
34 32
57 56
33 46
48 22
41 13
41 63
16 28
16 56
2 17
49 65
10 51
47 31
41 50
57 50
30 23
19 55
57 51
64 45
19 58
28 50
49 20
48 18
39 29
14 24
9 35
21 44
46 30
49 45
58 9
53 55
11 31
21 10
2 51
41 39
19 9
38 40
39 27
34 55
14 27
21 65
43 22
33 47
48 2
47 10
11 26
16 27
2 57
19 43
63 20
48 17
14 46
63 70
30 9
26 33
49 7
69 32
59 39
38 18
33 44
66 23
64 16
54 13
49 61
41 56
60 16
8 35
69 58
8 51
25 50
40 30
8 6
54 10
64 31
61 17
66 44
70 10
8 31
41 34
16 10
38 61
38 55
40 31
16 22
4 9
37 42
64 35
11 54
63 39
33 50
69 66
63 42
63 65
16 50
27 35
64 41
51 65
63 17
63 31
40 47
24 56
69 45
48 46
40 35
36 56
57 36
33 65
2 15
45 52
14 61
69 34
10 15
1 61
11 5
60 31
1 24
21 31
7 29
1 9
2 63
37 63
11 7
68 28
54 7
56 9
46 9
49 39
61 35
60 43
19 52
58 44
47 52
66 35
11 4
66 36
6 9
25 32
59 30
33 25
21 42
54 14
2 45
66 16
66 50
69 29
54 47
60 2
64 15
38 44
8 26
10 23
32 35
22 17
36 30
57 65
19 46
26 12
32 17
1 16
2 65
11 58
40 36
28 55
10 32
14 35
61 32
65 23
19 8
19 6
1 43
41 57
24 52
4 44
41 62
8 23
2 62
12 27
48 36
34 47
38 46
36 9
11 12
49 5
16 35
60 35
49 64
47 50
47 28
26 46
19 67
24 70
49 13
54 64
47 39
33 42
27 32
43 31
39 51
14 63
36 50
33 45
61 30
48 49
16 9
48 65
65 55
48 31
15 18
69 7
36 32
11 33
58 29
69 44
8 22
40 18
47 17
37 4
1 32
60 9
15 13
69 56
66 9
62 47
66 56
38 70
10 56
52 20
54 66
54 43
32 50
47 45
25 23
60 52
16 42
66 34
17 56
41 35
7 14
36 27
11 3
42 55
61 23
19 63
57 9
49 24
40 45
58 13
40 44
49 22
54 48
33 27
63 29
65 35
15 29
19 28
39 22
54 21
59 29
24 36
15 65
