100 893
26 87
52 97
83 100
40 84
8 97
2 17
56 10
81 20
13 35
75 40
57 72
60 89
2 75
59 29
18 62
77 41
47 17
39 18
85 86
25 34
23 90
95 98
90 10
79 29
7 25
86 84
62 29
2 29
41 89
36 45
52 42
76 65
20 14
12 17
83 5
85 92
74 60
92 46
30 4
36 20
19 1
96 48
53 54
33 14
59 54
90 88
3 27
41 17
51 64
6 11
34 24
55 42
79 11
34 21
57 79
70 82
91 51
1 63
40 17
1 65
86 21
79 48
69 84
56 1
45 13
57 34
86 48
100 10
3 29
44 84
34 35
83 43
62 41
58 24
18 60
51 46
56 48
30 34
76 27
50 17
57 18
66 36
68 13
64 84
20 5
86 1
21 88
39 79
88 94
93 58
2 90
75 46
99 41
57 15
47 53
70 51
12 49
15 60
87 19
71 42
51 24
15 20
78 57
64 94
45 84
88 24
34 88
36 42
26 22
41 21
5 88
58 69
56 96
41 42
91 18
49 84
27 48
43 53
66 12
77 93
62 14
39 59
10 69
90 46
6 84
38 5
41 11
57 97
59 40
44 88
85 4
66 59
3 43
74 79
68 56
78 12
73 4
50 21
9 34
2 13
10 38
71 99
27 58
2 62
30 59
29 42
25 65
72 34
38 24
1 34
86 42
77 27
6 99
64 29
44 29
34 69
44 17
57 41
45 17
94 29
51 35
12 45
18 21
86 16
30 25
55 65
25 62
41 24
80 64
66 89
90 64
23 96
59 46
55 69
68 38
58 35
82 40
68 27
8 12
52 88
74 25
71 90
28 78
62 20
6 48
62 24
18 4
56 35
91 62
34 5
47 1
33 73
79 62
79 65
51 14
41 88
64 89
76 42
56 40
1 14
70 52
55 91
47 65
58 5
8 60
71 54
91 34
74 48
6 16
83 10
15 14
12 84
1 42
21 29
30 14
3 18
1 24
74 59
86 51
38 42
12 63
86 40
47 60
36 84
25 24
72 97
41 58
56 45
30 23
23 33
13 10
23 56
77 94
91 59
40 49
12 60
27 88
77 49
47 100
42 89
36 59
83 21
22 99
9 7
90 75
38 21
9 5
73 38
48 60
85 29
56 84
45 42
38 84
1 51
34 38
91 43
78 91
53 99
26 12
15 99
30 29
22 77
14 69
78 60
71 82
69 42
99 62
3 51
57 36
9 35
41 51
56 5
13 58
36 35
93 5
9 76
10 20
44 24
8 89
52 24
50 46
88 46
10 29
38 75
9 66
12 50
27 84
98 29
5 24
38 64
59 13
77 13
60 75
18 99
22 51
23 10
87 25
93 90
3 24
18 89
91 90
96 60
40 69
10 84
8 54
1 41
39 45
57 31
76 49
30 1
73 13
2 64
2 42
25 94
32 48
62 40
64 40
27 17
38 20
18 64
55 92
34 94
10 94
33 69
94 69
53 90
8 46
77 21
3 48
47 64
15 73
4 63
36 27
19 16
52 10
44 69
5 89
78 21
5 94
3 5
41 69
82 65
13 69
45 60
21 64
100 52
91 70
1 21
13 50
21 42
91 27
93 98
36 89
92 29
96 94
41 34
23 73
52 74
32 94
61 93
65 51
78 43
74 49
37 27
57 48
6 78
6 30
90 49
39 36
93 74
50 34
26 56
76 89
50 58
32 23
10 88
26 98
25 51
45 69
45 11
71 84
9 72
79 88
76 46
27 69
44 64
47 10
15 69
18 41
91 66
71 1
38 69
92 45
9 52
99 24
22 30
19 84
36 54
77 82
62 75
64 49
96 69
71 48
36 76
23 54
10 14
38 14
85 31
57 3
58 42
98 49
2 56
90 14
4 79
23 94
96 17
8 69
58 51
85 20
81 25
12 41
91 14
5 42
68 84
87 7
52 94
13 46
55 8
30 17
83 36
90 48
3 1
33 21
15 76
79 84
83 28
33 4
50 24
10 46
1 60
64 46
36 48
91 54
80 49
33 17
22 43
45 96
73 1
74 69
79 60
27 5
64 69
41 13
62 84
41 10
62 48
78 88
14 84
86 14
79 44
19 80
26 57
90 29
29 24
21 24
57 90
8 50
78 46
64 42
83 73
46 89
36 44
67 82
33 13
26 55
57 12
59 58
43 4
45 41
56 50
80 12
52 33
10 11
57 60
80 50
38 89
50 42
53 34
33 45
91 75
75 42
74 64
58 75
74 35
80 53
15 12
9 62
2 10
71 5
52 5
12 14
76 21
56 75
50 64
78 30
34 40
38 88
95 65
85 16
95 84
70 58
1 50
22 16
76 94
27 65
76 40
58 20
9 50
39 34
30 33
12 88
33 34
59 17
66 10
86 82
41 50
71 96
2 65
30 62
90 62
36 97
68 36
77 51
27 38
21 14
47 69
33 41
40 42
62 38
74 2
13 17
3 36
9 88
60 58
40 24
50 49
59 97
20 89
23 50
88 84
78 14
6 56
13 88
10 49
92 97
1 20
90 79
73 5
68 1
77 1
8 49
38 17
22 24
70 42
44 75
99 35
45 29
79 34
5 40
2 45
71 75
86 64
35 42
62 11
70 96
86 36
47 81
93 95
80 23
23 43
12 29
47 73
35 17
41 60
91 53
91 44
53 40
99 1
9 67
32 24
9 36
71 73
30 18
36 40
8 40
26 83
83 90
33 12
13 24
73 75
70 60
27 35
92 64
76 69
45 5
9 46
59 2
77 30
30 53
79 14
61 5
78 7
13 20
93 89
74 46
71 2
87 13
64 17
86 93
21 40
90 69
62 21
59 90
87 100
78 84
30 52
26 39
96 5
78 40
51 84
26 99
75 84
93 63
52 50
70 84
8 14
28 61
79 17
52 34
70 11
44 60
94 46
9 79
91 50
36 62
3 73
23 46
58 89
79 27
50 89
88 35
47 27
30 81
14 49
59 24
41 5
98 35
39 76
79 58
40 29
2 79
69 46
2 38
34 29
33 60
13 51
24 46
3 8
10 42
38 49
81 74
81 62
90 42
9 32
6 70
26 93
50 84
50 5
1 11
39 50
7 24
48 11
71 14
47 52
47 20
99 64
64 24
9 18
81 4
62 64
13 64
45 63
60 49
38 51
47 82
90 65
6 39
5 35
88 49
39 96
1 13
58 94
39 68
9 6
57 71
44 40
13 89
8 59
62 46
2 12
1 29
51 88
21 69
78 45
90 94
36 41
83 93
41 29
27 51
1 17
93 41
60 38
55 73
30 5
30 72
13 40
68 99
21 84
10 75
63 51
86 95
29 84
13 94
68 64
74 58
58 40
96 14
79 24
52 35
18 63
39 74
76 75
23 14
86 3
38 40
90 24
45 62
56 44
37 9
86 57
59 96
76 99
68 74
15 5
74 1
32 53
19 20
50 69
12 62
27 42
39 19
79 21
45 79
30 46
74 27
26 10
59 27
51 42
39 1
73 34
76 96
70 62
39 65
36 29
83 47
70 8
33 5
36 10
12 13
13 60
57 2
96 75
86 13
69 89
23 62
53 14
6 59
50 88
34 14
45 46
72 12
3 25
50 29
99 84
96 11
9 45
23 49
79 49
27 24
25 60
73 90
37 85
92 43
39 97
23 88
62 49
62 60
50 14
81 23
78 2
55 57
78 72
38 46
73 56
36 69
88 29
13 49
10 40
32 12
62 42
99 10
79 94
57 91
73 60
78 94
69 29
27 21
96 42
21 49
62 44
56 42
30 84
71 20
50 10
5 69
74 10
27 20
51 40
22 17
77 17
56 65
33 29
98 81
99 27
44 51
78 31
80 96
81 59
66 56
66 50
70 27
91 92
8 58
52 98
81 54
53 76
58 84
91 38
50 38
13 34
9 39
77 32
71 45
56 64
56 79
2 58
62 50
60 51
74 73
79 41
50 75
47 95
33 24
39 44
23 69
93 69
21 46
26 86
30 51
70 59
83 84
87 56
23 53
44 48
47 37
50 11
1 89
64 75
47 33
23 29
1 44
61 33
62 69
