100 99
55 75
15 87
90 35
13 93
52 63
47 83
79 21
7 97
75 19
25 8
87 43
44 94
9 92
54 51
34 6
64 95
31 58
23 12
50 4
33 9
14 30
73 91
22 77
68 76
37 24
5 82
10 14
92 32
36 1
48 81
53 50
46 71
71 26
81 20
72 39
70 23
57 70
83 88
74 69
3 99
40 41
21 55
17 29
12 61
69 27
8 11
58 84
94 34
66 100
59 36
95 79
99 33
78 15
19 85
65 56
41 45
26 48
27 22
67 47
98 52
56 62
49 3
86 5
80 72
62 28
89 78
4 80
11 67
61 25
100 46
77 16
6 57
18 96
29 64
38 53
24 38
43 59
2 18
88 10
97 60
63 2
51 89
42 37
60 42
82 49
91 68
32 74
16 44
1 90
35 65
96 31
28 86
45 66
76 13
85 54
93 17
84 40
20 73
30 7
