100 114
12 32
49 40
37 80
33 80
26 2
20 74
24 85
93 25
43 73
37 5
33 57
67 60
44 1
9 6
37 50
93 26
96 43
23 53
38 65
62 23
93 90
40 32
70 14
48 7
55 3
81 34
61 34
80 92
41 28
9 12
57 10
40 94
40 44
50 65
54 87
35 6
37 42
93 77
49 17
16 27
99 76
98 4
31 45
62 52
11 65
55 60
33 18
39 31
18 86
53 63
77 49
39 84
53 51
6 89
88 78
26 37
3 15
70 39
100 76
23 71
95 67
70 55
63 32
59 97
39 35
33 66
64 95
26 98
90 83
37 13
42 61
55 82
75 41
84 48
56 69
8 34
33 100
69 73
57 30
25 33
26 75
14 20
80 79
91 95
55 58
14 96
19 72
29 38
39 91
45 68
44 9
48 95
74 11
36 16
66 36
84 54
19 89
70 8
35 88
75 21
31 56
41 47
75 46
46 99
66 59
90 81
75 24
89 29
90 19
93 22
99 64
39 62
77 70
94 78
