50 528
28 16
45 43
47 1
25 29
16 44
21 4
5 43
19 20
47 23
41 6
45 44
10 24
7 27
14 36
9 38
47 13
46 17
25 49
29 35
33 35
7 19
48 38
3 14
3 35
17 36
35 50
28 23
40 4
28 41
34 27
27 50
23 38
45 50
18 6
2 42
43 12
42 49
33 8
14 19
25 6
45 38
7 11
49 38
11 12
2 21
7 16
27 40
48 17
48 1
44 50
7 12
25 11
1 20
33 39
22 27
28 12
28 49
3 50
49 36
46 28
42 4
29 43
48 11
2 19
22 29
43 21
7 14
3 16
32 1
28 4
46 49
32 13
7 4
29 6
25 48
2 7
41 4
28 29
34 16
19 50
17 4
7 1
11 36
29 41
47 18
11 20
23 43
26 35
29 14
19 4
48 18
19 44
16 49
36 12
7 45
3 42
37 21
22 35
23 6
46 4
17 13
46 44
29 1
2 26
28 11
49 40
46 29
30 11
35 44
12 50
45 21
22 12
2 36
23 12
47 46
7 24
47 6
46 35
3 20
27 14
49 14
33 42
40 38
41 43
46 26
22 16
22 21
27 39
29 16
8 36
29 26
34 21
41 27
7 38
5 13
1 38
11 21
33 49
32 20
34 49
29 42
39 44
17 38
14 43
40 13
40 20
41 42
47 40
32 41
33 5
31 49
37 39
36 43
45 17
36 38
45 39
22 33
36 20
33 40
25 22
47 31
43 38
3 49
7 46
37 44
16 50
16 13
46 37
49 17
29 17
46 1
48 27
46 16
8 28
33 38
8 34
37 23
8 7
5 38
29 4
11 4
8 37
2 49
34 14
7 36
1 40
28 20
49 44
32 50
39 14
14 6
22 30
1 11
48 29
41 49
35 49
33 37
44 4
25 8
32 43
49 43
34 28
20 13
14 13
3 28
47 10
48 41
34 44
46 40
48 43
25 18
22 47
23 20
37 27
41 14
18 13
45 12
25 46
7 29
10 39
23 4
28 24
25 28
7 13
34 1
2 27
34 50
3 46
41 20
39 49
22 13
29 21
32 38
28 50
33 50
29 37
28 35
32 11
43 4
40 6
46 12
29 27
22 20
48 42
47 42
45 13
25 24
47 48
45 40
31 40
8 43
5 48
35 20
37 38
43 20
30 2
45 19
5 29
41 13
28 10
14 12
22 2
22 23
37 13
48 50
34 35
7 42
47 35
36 4
29 11
33 11
11 50
46 20
49 12
45 23
32 23
29 20
8 49
2 39
28 1
34 19
28 42
40 43
27 21
25 31
45 6
40 50
49 6
19 21
41 35
36 21
46 24
13 50
33 1
17 19
14 50
19 36
23 40
47 26
7 41
19 38
32 27
8 9
44 21
2 13
43 50
2 16
28 44
35 43
41 45
47 49
46 41
17 6
20 21
5 18
11 38
7 17
3 38
41 50
47 19
46 42
14 11
34 20
45 4
29 44
45 35
1 42
41 23
3 19
8 13
21 50
46 43
35 12
33 17
11 19
32 46
34 40
39 19
41 36
22 3
29 45
34 11
3 39
7 40
46 50
19 13
11 43
14 21
29 12
47 20
3 41
25 40
23 49
40 11
14 40
5 44
33 34
25 45
33 16
14 44
8 15
16 35
14 4
46 39
18 43
45 42
19 43
34 7
42 11
29 19
41 44
7 21
34 10
40 44
48 4
7 35
46 27
44 13
25 39
40 12
46 36
47 37
30 17
37 43
34 45
37 41
45 49
45 11
5 16
49 13
41 21
46 21
22 42
23 13
36 44
45 27
36 13
7 10
3 18
29 13
46 18
22 37
34 6
14 20
41 11
3 34
25 1
5 11
3 37
25 2
34 46
46 11
34 24
8 44
23 35
4 50
25 4
27 43
2 20
1 17
5 36
33 47
27 20
44 38
40 19
1 39
49 21
48 37
3 12
11 13
29 24
34 23
14 38
27 11
36 50
22 28
11 44
41 38
28 21
18 10
46 19
28 37
33 15
39 50
34 36
34 37
2 41
48 26
48 2
28 36
47 24
13 38
35 19
1 24
17 12
33 26
29 49
7 20
48 20
28 26
43 13
46 38
34 18
5 3
45 20
22 49
23 44
41 19
7 44
22 1
5 1
45 36
17 21
7 6
46 6
29 38
7 37
2 1
22 38
32 24
1 23
22 4
5 10
3 4
34 39
22 18
48 10
34 38
48 21
20 50
3 43
2 32
33 29
26 43
37 45
35 39
19 12
41 39
16 6
48 13
35 4
46 10
40 21
25 41
22 19
45 14
7 50
5 26
27 12
3 26
28 38
28 40
35 14
5 27
41 40
23 21
32 6
3 44
41 12
39 17
38 4
44 20
29 40
29 50
3 1
7 43
2 35
17 43
