256 128
69 69 29 29 32 38 52 15 63 31 83 6 14 20 18 10 29 13 55 69 55 16 53 70 70 1 77 74 95 76 24 95 65 41 29 93 87 54 82 5 13 70 55 50 86 44 82 50 66 13 3 71 98 44 52 72 91 97 17 28 28 86 42 50 53 21 1 47 89 98 82 97 9 53 29 70 2 20 92 11 27 17 47 47 79 16 2 84 23 25 85 34 22 18 40 39 84 20 7 59 57 76 72 29 93 83 21 68 26 22 82 6 14 89 25 87 0 92 10 2 16 13 41 0 100 52 98 39 
58 4 95 61 94 63 26 73 12 74 11 8 47 41 90 97 28 34 41 55 56 75 4 45 34 50 21 78 5 90 8 24 14 67 59 71 86 51 72 54 24 100 99 85 63 41 29 36 22 52 77 97 64 31 59 90 21 2 57 98 13 39 66 96 85 72 75 6 64 99 80 99 70 50 17 22 15 93 68 91 55 8 37 67 18 3 58 82 73 62 21 40 3 29 52 56 35 46 1 88 57 31 74 95 22 72 38 34 1 97 68 46 99 98 59 29 29 61 98 50 31 44 28 54 35 97 20 47 
6 70 13 3 58 67 0 28 14 2 64 52 29 87 44 13 41 50 43 21 44 65 48 30 11 88 61 44 3 63 88 91 68 16 45 99 30 63 96 45 76 58 87 62 45 39 60 38 14 100 91 93 88 59 24 28 11 90 93 12 63 59 60 20 29 90 61 61 88 3 69 89 10 70 5 90 77 51 34 75 72 14 51 92 86 47 100 70 60 94 5 42 25 95 43 36 67 42 95 75 7 11 48 51 92 80 41 62 15 39 82 6 35 75 13 77 90 69 68 16 17 84 93 78 17 35 98 27 
27 38 11 89 97 96 29 54 95 97 83 14 61 77 73 2 5 61 53 97 88 89 17 41 48 47 13 22 50 5 43 42 35 77 0 37 78 51 59 52 53 92 23 85 51 75 49 47 52 78 61 47 42 11 1 95 62 43 37 64 31 89 13 67 40 73 38 71 90 67 5 39 1 35 77 12 43 37 57 18 18 61 41 77 80 15 83 73 56 47 26 62 35 59 17 75 56 21 49 47 12 87 71 42 73 95 9 95 11 61 23 33 42 25 11 75 74 93 43 59 74 59 46 88 3 73 39 68 
32 24 54 41 98 52 44 42 29 84 38 12 22 22 52 18 27 92 100 87 30 84 100 16 42 4 54 62 29 18 2 64 44 88 8 81 26 74 12 30 55 96 10 74 93 48 56 51 30 34 2 83 82 70 70 97 68 86 58 28 33 98 36 29 6 62 25 89 46 90 31 6 5 74 90 80 39 76 100 96 72 58 82 19 2 100 66 15 85 26 50 41 47 50 56 87 62 92 60 9 98 54 48 76 3 26 80 36 17 76 39 9 44 34 82 89 76 8 38 53 99 64 40 81 1 32 46 8 
63 64 20 34 4 68 86 22 14 62 99 71 34 91 42 24 15 14 96 74 65 73 83 52 8 84 21 35 16 21 28 84 41 36 51 32 25 35 80 74 19 28 39 55 72 23 50 35 56 40 5 28 51 47 58 77 8 20 85 37 88 57 7 89 54 24 87 98 99 65 83 0 43 9 41 91 42 61 88 36 1 50 49 26 51 11 88 37 58 82 9 32 8 59 46 47 98 84 77 92 15 31 77 80 13 82 73 83 96 53 10 5 30 48 35 70 47 18 5 35 64 44 89 15 62 3 2 28 
91 52 21 30 53 5 62 70 88 24 35 23 54 65 98 86 35 2 63 0 87 89 0 91 60 22 21 49 42 11 24 90 41 72 17 70 5 75 12 44 5 10 92 9 64 89 68 48 20 74 51 18 55 27 12 51 32 86 17 1 50 67 24 85 51 60 45 22 59 1 58 84 69 79 61 87 50 63 88 61 41 66 22 84 83 27 78 95 74 54 21 91 20 81 24 99 45 40 35 78 55 31 100 64 7 37 65 57 73 10 42 81 69 73 93 92 59 61 0 2 58 76 73 83 20 77 5 30 
5 36 40 57 79 29 17 91 70 69 12 99 90 40 32 52 81 30 98 8 7 89 49 72 35 23 29 37 89 98 2 87 10 64 28 37 71 65 43 55 50 63 7 13 73 28 46 75 97 30 62 87 51 91 97 16 93 49 21 89 7 21 30 53 94 42 38 87 25 65 53 55 75 67 53 65 45 100 12 68 14 4 86 7 63 83 82 0 84 19 37 31 1 56 62 47 76 62 98 82 69 17 95 25 18 53 44 57 55 18 72 73 14 57 28 67 100 41 80 58 9 5 65 73 69 84 96 54 
93 51 29 47 8 60 64 81 32 80 66 100 73 53 45 14 93 38 32 74 35 94 68 80 25 0 86 38 20 1 11 47 17 45 85 75 82 50 56 47 42 38 18 74 90 97 35 63 64 7 19 100 89 10 14 76 51 22 24 68 2 25 93 53 9 75 17 6 36 8 98 57 88 62 90 90 54 81 13 86 63 63 74 72 80 22 40 46 83 40 42 74 42 33 17 91 92 27 63 29 28 42 52 7 52 78 30 60 20 68 3 21 86 59 21 40 0 8 62 88 13 4 28 60 60 73 63 26 
44 25 95 31 51 49 4 91 22 33 27 89 70 23 10 15 57 45 1 14 100 35 26 75 80 78 41 91 56 38 88 89 94 81 83 2 35 9 28 81 88 82 83 23 64 95 10 2 33 16 34 44 41 21 0 10 17 66 49 23 86 63 58 8 73 20 87 8 41 61 90 51 24 60 96 5 54 87 10 53 76 48 77 78 5 89 4 10 41 52 33 61 12 51 68 54 47 12 5 34 49 9 68 25 30 95 21 63 38 63 30 68 35 65 59 66 97 43 96 94 71 59 49 49 29 75 28 41 
62 34 87 78 95 77 58 61 58 88 67 19 90 21 36 71 96 94 80 26 65 6 52 48 7 44 77 27 34 89 72 5 26 56 57 10 59 25 94 63 6 9 47 19 44 83 78 62 93 92 73 16 65 24 80 20 25 74 73 66 94 81 14 66 83 44 92 40 61 65 41 99 8 80 85 63 20 9 8 68 95 76 43 20 25 1 6 94 67 30 5 47 94 91 12 17 83 56 40 16 45 77 64 59 23 62 93 60 36 57 38 8 73 14 5 71 85 51 16 70 97 14 25 68 40 93 32 73 
70 66 26 45 20 50 4 87 82 94 78 30 71 50 52 11 60 24 60 23 72 58 46 59 1 42 74 8 67 56 98 45 51 64 74 95 80 34 78 17 86 24 55 90 79 92 64 90 31 14 42 41 96 14 44 94 59 88 93 86 84 98 66 18 91 82 52 61 86 80 68 49 14 48 64 90 14 8 96 13 21 70 0 43 74 52 50 22 91 0 62 2 19 18 76 50 31 34 96 97 20 14 18 9 88 24 38 18 5 18 0 14 45 86 40 85 28 32 22 92 9 88 82 22 39 76 16 53 
38 81 79 19 74 3 91 32 81 63 19 34 43 11 25 38 18 61 35 81 68 83 11 32 75 57 17 6 57 77 11 85 66 49 49 43 4 5 67 87 3 50 7 92 9 59 91 31 51 40 81 69 80 49 75 94 29 45 61 46 41 49 65 92 91 99 85 45 34 99 23 11 52 7 37 28 25 17 45 68 50 17 47 73 42 97 93 66 93 99 57 0 17 47 97 12 77 57 79 31 82 45 13 5 90 76 53 22 25 77 51 88 97 45 57 45 38 51 97 72 79 45 82 80 85 35 35 9 
63 10 61 5 2 43 52 4 67 84 83 32 41 85 10 72 7 12 25 10 18 83 36 15 46 44 33 40 55 18 92 20 65 26 11 29 24 9 74 100 7 10 31 73 11 81 60 9 60 76 15 35 0 96 50 57 14 80 45 4 23 35 6 61 16 40 15 43 78 11 96 60 7 26 52 92 1 47 22 68 81 91 44 62 54 65 96 59 27 4 41 20 1 37 94 13 13 64 78 11 38 25 76 88 29 100 85 6 95 74 40 59 89 36 87 99 32 35 42 64 52 14 13 68 35 29 12 40 
1 40 43 17 6 64 2 6 27 0 3 6 51 59 26 44 19 76 98 15 56 19 73 77 98 2 63 27 21 40 30 66 21 74 69 1 93 7 92 28 41 72 63 98 8 83 92 65 8 94 53 58 47 53 18 55 40 0 57 60 41 5 22 51 52 88 49 73 32 59 89 96 81 34 45 68 95 97 88 64 40 78 23 11 10 21 30 61 79 100 3 92 19 63 70 13 28 64 55 86 6 95 78 60 33 94 21 12 57 35 92 91 50 64 89 81 14 1 36 47 0 20 65 96 47 91 48 43 
13 34 2 56 33 23 5 65 89 66 79 18 65 41 57 21 70 17 37 67 7 92 68 51 99 31 95 88 8 41 81 84 93 70 90 50 50 95 35 93 35 68 60 27 77 69 97 46 57 63 39 57 79 96 84 67 29 75 25 32 44 56 78 71 36 46 22 56 71 43 27 37 89 92 20 87 69 69 73 67 54 85 8 17 63 6 5 43 1 85 23 26 0 41 58 17 3 16 34 5 84 67 31 23 39 72 74 56 47 81 49 68 59 13 55 53 83 72 68 5 15 67 85 8 38 72 58 76 
89 71 31 2 46 56 48 32 46 43 27 26 84 32 97 53 100 82 98 0 22 93 99 66 90 10 38 93 11 47 87 84 47 47 13 41 79 64 90 19 26 28 47 32 8 95 52 93 41 36 34 44 68 75 31 100 10 58 69 57 96 75 53 95 22 33 77 67 25 51 2 88 50 85 57 94 50 96 5 39 32 14 42 94 3 43 49 20 32 81 52 51 95 29 65 53 12 25 26 35 61 27 10 50 62 46 17 36 83 26 47 20 51 46 32 100 48 57 57 22 57 94 70 63 3 23 87 76 
24 26 45 73 46 63 15 12 21 38 88 18 84 97 63 33 33 98 98 43 48 49 44 95 52 69 31 8 93 33 46 54 94 0 47 41 78 82 68 6 36 49 83 70 29 43 96 34 65 62 11 23 30 91 2 43 68 58 53 60 37 93 54 88 89 32 3 58 38 61 8 40 77 88 37 72 29 25 66 79 100 54 65 39 38 59 44 87 42 18 87 78 85 79 73 30 79 6 81 81 66 48 96 56 31 52 37 54 57 81 24 32 7 70 91 35 82 17 4 58 50 26 97 36 17 73 30 60 
90 28 23 74 52 73 64 86 29 82 31 16 85 43 32 38 18 62 47 31 2 81 44 99 14 8 11 34 79 87 64 25 20 21 9 79 24 7 58 78 55 75 16 90 11 81 14 44 87 32 1 65 44 100 89 69 52 56 65 50 83 27 42 59 39 80 33 69 98 97 30 86 7 67 1 74 69 11 64 95 98 8 15 59 46 91 26 85 92 98 59 56 25 77 80 82 59 98 95 25 24 43 16 2 7 36 61 86 12 71 30 78 1 29 34 77 53 13 82 8 30 60 9 28 9 61 6 75 
11 10 85 27 80 81 29 37 14 53 7 42 51 23 99 18 48 93 89 97 56 1 17 30 41 59 43 27 61 49 17 10 27 91 47 75 6 11 55 63 68 7 27 34 79 79 5 0 46 89 0 53 22 43 5 8 28 81 53 2 81 1 83 71 44 53 40 68 20 33 79 64 4 7 93 32 75 97 73 4 89 19 53 53 10 67 93 66 83 23 23 76 64 3 98 11 38 25 49 95 92 71 87 75 97 0 21 94 21 33 69 7 16 73 99 54 40 41 65 0 77 63 69 20 47 47 94 44 
82 30 54 77 78 20 42 35 38 44 96 38 7 58 74 10 11 46 100 57 30 34 42 56 65 34 76 44 37 78 40 12 81 16 12 37 20 60 84 29 24 76 66 44 61 96 94 41 58 90 72 63 10 18 98 17 1 46 94 26 31 94 32 63 12 58 10 7 18 10 16 93 64 84 78 62 49 90 29 0 89 30 15 95 22 26 90 64 77 86 90 26 49 40 18 91 100 72 34 27 70 40 76 21 86 66 30 86 19 40 14 80 48 8 68 75 98 10 22 90 23 32 70 40 57 4 87 38 
2 58 81 96 81 45 96 69 10 22 99 47 16 99 48 76 11 69 17 64 53 41 64 82 27 6 7 70 20 95 10 70 13 32 55 78 88 81 22 55 3 40 87 69 18 87 18 17 35 76 39 42 19 47 4 32 32 40 1 61 88 41 42 95 46 34 67 28 66 57 20 79 86 5 37 67 88 21 28 90 41 26 63 60 21 89 40 94 79 78 83 91 20 63 92 11 14 78 95 32 19 32 4 35 40 54 18 85 64 66 8 99 88 56 11 34 3 68 6 72 41 30 61 83 88 83 48 10 
77 18 79 52 5 73 60 39 2 86 31 15 98 53 66 18 1 10 87 37 33 19 52 54 69 89 87 45 8 30 26 56 61 22 73 6 25 13 46 29 74 2 79 21 8 17 92 25 56 0 17 58 27 37 60 21 11 86 9 13 68 97 24 71 90 10 97 22 19 16 82 81 68 57 5 73 64 25 74 15 35 50 57 90 65 13 82 84 71 0 35 39 82 81 26 22 100 78 29 46 3 21 63 99 28 62 65 9 56 77 32 77 0 80 25 52 47 19 78 26 13 52 9 41 46 33 25 100 
30 35 97 50 4 66 18 29 44 60 62 12 2 7 91 59 92 51 57 34 100 16 2 50 39 29 44 59 63 91 45 79 90 3 11 6 42 9 90 15 48 94 72 90 26 51 97 80 73 71 23 99 60 4 92 34 29 60 41 30 4 75 52 98 73 71 39 92 50 92 62 87 30 96 56 32 28 67 37 93 58 83 91 5 34 82 46 50 45 34 95 80 92 85 31 92 55 55 7 34 10 86 64 100 3 94 22 64 54 67 73 0 72 71 3 18 71 24 14 20 79 2 30 14 82 55 33 36 
28 90 4 81 9 13 99 19 94 69 87 45 48 80 44 47 98 2 88 23 87 15 39 84 39 63 47 91 97 40 16 83 100 1 2 69 73 65 21 81 12 91 23 74 67 4 92 68 29 100 20 87 51 97 19 98 15 41 5 7 41 38 56 56 37 70 62 1 79 3 59 85 35 63 29 13 79 42 82 24 60 74 84 39 15 13 9 15 59 63 67 97 47 59 96 30 87 84 18 25 42 73 37 11 80 81 69 95 77 42 91 10 15 84 22 28 19 39 33 66 45 9 29 93 78 72 98 73 
98 72 16 32 39 71 70 100 79 100 71 79 68 27 64 78 12 90 1 36 59 67 19 49 20 75 71 63 38 31 42 47 12 22 15 10 47 49 30 36 41 90 4 91 74 53 28 71 7 60 38 90 13 33 8 81 94 76 61 81 60 58 64 10 40 1 55 78 41 47 22 74 13 38 13 19 8 95 100 97 73 94 3 42 15 73 14 21 98 6 92 11 44 37 32 70 76 50 59 30 21 85 86 24 13 76 86 7 10 7 70 70 92 74 3 52 89 91 18 83 6 46 29 83 42 13 36 65 
98 78 15 93 47 3 25 50 69 28 59 19 29 83 31 91 36 80 31 6 55 100 2 15 44 30 27 66 50 29 80 75 4 8 92 92 79 61 68 64 71 94 87 41 68 55 22 64 56 48 5 10 9 49 10 87 12 32 37 97 46 69 54 73 95 70 73 19 9 79 38 2 21 96 49 71 96 13 6 84 82 40 21 62 91 45 82 35 52 42 47 59 70 31 94 51 1 88 61 98 61 37 90 24 67 100 21 49 56 3 70 93 84 92 57 64 5 23 44 9 46 14 89 55 58 7 21 45 
0 17 26 97 30 66 0 67 68 14 68 42 15 30 72 31 87 30 14 80 24 55 86 77 32 61 18 0 97 84 24 19 20 74 22 53 46 18 92 66 3 30 98 32 6 70 56 50 11 34 36 91 29 22 56 57 18 54 4 10 69 36 52 76 19 90 35 47 94 40 96 3 58 82 72 88 35 72 14 69 58 50 100 87 76 68 42 5 44 86 4 91 83 64 24 98 37 34 42 21 12 2 10 17 45 16 92 9 89 9 28 76 29 96 20 89 50 28 58 23 88 22 72 70 43 94 10 21 
68 21 3 95 48 79 43 8 77 23 75 18 73 23 29 83 60 21 99 23 1 51 59 69 18 85 63 62 15 35 25 47 86 87 5 51 66 47 85 63 37 41 38 72 81 99 65 4 75 65 69 61 64 19 84 35 40 53 25 66 71 77 77 30 93 29 9 9 40 95 14 28 53 77 17 18 57 71 89 61 2 77 49 87 84 83 57 23 52 37 31 30 81 43 65 26 45 37 97 57 0 11 21 99 56 23 29 14 70 7 7 12 49 5 53 65 36 33 81 13 52 81 5 100 49 63 98 41 
45 80 5 75 69 43 92 7 10 28 43 18 38 13 62 67 93 64 5 73 90 80 58 15 67 68 83 10 23 72 98 60 53 78 7 15 73 7 2 8 80 75 91 30 67 89 78 91 42 16 15 85 64 100 60 84 93 0 29 72 81 4 16 33 96 1 83 75 44 79 6 39 27 50 9 90 84 53 60 88 31 40 40 88 86 55 56 34 97 96 91 12 23 33 6 61 54 52 71 31 94 72 16 17 70 100 61 48 89 77 28 25 92 36 39 27 60 17 62 80 45 38 93 0 31 29 12 16 
17 14 75 33 94 75 18 93 30 74 87 56 39 19 68 42 29 80 63 1 66 52 50 2 29 62 67 42 21 43 22 42 45 88 77 21 72 20 22 35 96 54 39 66 21 1 18 7 8 72 65 59 46 51 24 79 91 38 93 4 97 87 34 61 52 100 53 83 0 79 42 71 46 54 9 86 49 91 0 18 99 8 10 35 76 75 15 20 19 3 51 78 73 81 56 45 0 87 41 75 88 83 80 23 12 18 49 56 78 91 70 66 72 47 1 43 62 81 58 66 41 66 17 11 29 75 36 100 
76 100 30 98 12 93 87 20 90 89 20 39 9 41 47 39 29 62 49 90 84 21 43 19 9 60 60 81 19 69 69 37 56 14 71 83 9 64 84 85 29 19 15 6 36 86 92 83 88 5 74 1 99 31 44 72 46 43 97 1 54 50 4 81 16 2 20 30 75 69 28 24 24 92 54 35 81 93 27 9 26 49 92 6 60 3 85 17 49 2 94 76 1 87 7 44 99 5 87 97 62 24 70 65 11 65 41 92 3 12 16 73 83 29 73 93 7 42 44 60 3 51 57 46 48 16 34 89 
89 23 83 51 25 2 96 89 9 29 11 60 47 52 77 40 90 11 75 25 7 60 76 38 14 83 4 57 10 28 94 5 18 78 98 58 73 51 25 66 66 72 96 77 23 69 33 100 88 14 8 97 55 83 47 47 45 56 76 77 61 68 75 93 76 76 7 89 67 46 84 15 83 29 57 78 44 78 37 70 98 23 85 18 47 34 10 29 98 97 91 46 18 46 25 61 59 58 42 2 79 31 93 17 30 52 64 81 85 87 47 67 45 70 55 94 52 77 51 27 33 92 72 1 19 92 51 18 
70 100 89 5 6 29 74 55 22 28 11 86 13 40 58 44 51 20 29 69 52 81 77 98 68 74 71 100 71 77 32 29 71 48 27 57 76 84 94 21 40 13 23 60 89 26 20 25 6 34 83 35 48 23 8 88 92 64 1 34 19 45 94 56 44 0 97 99 58 1 14 45 80 52 9 28 93 53 58 52 93 48 19 33 44 15 48 86 19 68 78 64 41 84 50 1 39 12 15 66 92 19 24 71 98 92 85 60 51 11 66 99 100 70 41 12 50 1 62 81 57 80 37 44 21 63 52 4 
82 89 71 21 76 49 62 57 18 32 79 92 85 33 18 4 75 18 7 43 22 57 6 62 99 60 67 10 75 4 18 13 28 16 85 65 0 37 10 59 58 80 3 76 11 17 72 37 54 12 38 47 48 43 2 28 61 52 57 76 83 63 54 60 11 36 99 88 22 45 84 43 2 96 29 62 94 95 46 74 49 94 37 83 84 39 64 34 78 16 95 92 91 93 11 84 65 29 77 73 68 49 10 49 18 46 77 42 83 53 58 99 26 78 35 37 44 41 34 26 27 28 25 74 15 69 62 56 
11 35 1 6 4 9 3 66 47 88 19 70 3 14 83 85 86 35 5 31 22 38 11 91 26 21 39 31 25 39 29 64 9 39 59 31 88 25 95 14 67 11 47 72 53 35 29 14 55 65 39 33 100 78 59 99 4 53 63 98 1 87 83 63 66 65 77 5 86 13 35 2 95 59 21 98 71 99 11 87 36 31 55 49 62 9 73 94 23 63 27 39 0 27 71 49 18 97 92 93 28 21 69 88 57 9 8 96 65 7 49 36 97 79 69 49 98 83 77 68 30 81 91 66 49 27 1 34 
5 74 92 61 28 92 56 2 71 80 96 64 53 78 0 77 11 39 63 33 74 4 86 97 1 11 98 54 3 12 62 60 17 42 68 34 80 28 32 84 77 86 70 16 75 2 94 68 33 63 9 51 78 62 24 73 100 34 24 54 43 84 60 31 66 52 66 99 42 90 38 14 77 16 12 90 76 28 36 95 24 66 46 49 60 17 4 5 42 60 18 56 2 21 4 73 4 82 94 23 16 90 65 4 89 58 60 60 63 92 34 16 63 22 24 35 50 24 63 28 62 79 14 96 77 84 30 48 
97 100 21 2 15 89 82 26 10 54 23 23 50 92 12 49 54 14 5 32 25 99 58 81 80 30 11 56 65 99 6 70 69 36 47 74 35 77 4 0 31 28 87 61 10 57 52 86 21 16 99 32 77 45 98 71 57 60 71 73 76 71 42 95 12 46 1 10 61 45 36 40 33 86 38 29 66 87 37 39 39 2 27 64 53 13 28 67 70 6 83 43 52 4 92 29 26 10 51 56 97 5 90 70 59 78 37 41 69 19 4 28 47 44 9 98 53 7 42 97 84 86 86 57 96 23 22 90 
73 50 63 30 85 59 4 84 59 66 15 5 100 21 48 97 93 56 79 40 17 63 69 67 10 36 47 51 45 85 74 77 39 44 45 62 49 85 92 8 11 72 19 93 60 95 32 82 1 74 1 12 43 61 40 85 76 8 7 91 6 69 64 3 40 28 2 34 31 99 10 60 75 6 1 57 14 41 80 23 20 22 89 94 69 57 60 65 6 10 27 61 90 23 10 75 90 68 46 6 6 4 16 12 57 10 25 11 92 49 67 84 59 46 95 96 7 23 56 15 12 7 63 89 34 79 80 82 
1 60 84 59 73 7 83 17 94 87 67 45 21 10 94 17 2 94 93 97 69 35 91 44 9 37 55 7 11 96 6 8 19 6 54 95 57 69 35 27 64 69 95 15 75 30 4 54 1 44 90 49 23 97 3 50 31 15 59 99 75 38 98 78 2 54 78 75 87 63 23 33 74 85 33 29 31 4 22 63 12 12 3 77 85 41 81 6 25 17 23 45 51 48 54 51 10 24 12 27 74 17 57 75 86 95 77 95 23 64 93 16 79 20 68 63 19 51 29 94 43 97 3 29 3 81 66 42 
27 85 51 56 94 30 76 27 34 36 2 98 6 63 87 77 30 81 47 38 80 60 70 86 95 52 60 16 56 33 61 76 99 17 9 37 12 78 52 36 68 16 12 62 40 67 13 86 71 49 37 14 100 32 64 94 69 60 76 26 76 73 55 39 34 37 34 48 26 64 68 25 68 62 98 94 70 86 53 51 6 13 53 56 38 54 40 62 85 30 40 46 27 6 51 3 96 28 69 96 6 68 88 41 96 34 88 20 76 63 77 10 77 69 59 10 88 63 26 28 17 96 70 96 22 82 99 72 
91 40 69 55 61 35 32 73 80 22 41 23 94 93 40 16 47 60 25 19 99 59 68 86 41 19 31 33 46 33 78 75 20 96 55 8 29 55 38 67 48 72 73 9 58 57 26 57 2 60 39 98 31 89 78 0 39 80 15 81 2 11 52 83 19 54 65 34 24 75 64 59 62 34 15 99 24 55 13 67 33 86 75 99 51 61 76 66 3 48 95 19 72 0 18 42 33 22 95 81 83 23 92 67 56 88 27 85 10 45 22 95 40 32 81 22 31 29 70 62 74 74 47 3 88 9 92 39 
96 47 71 67 81 55 68 83 74 38 57 95 44 8 72 98 27 4 69 82 76 21 44 20 14 94 75 65 28 55 91 75 46 24 35 18 19 68 18 93 46 80 85 93 24 7 6 77 58 48 78 17 83 87 88 69 13 60 43 5 96 55 2 58 63 6 27 42 89 95 60 25 42 24 67 57 86 95 88 94 45 36 77 92 51 47 44 47 81 16 79 7 20 43 18 92 49 68 89 11 65 36 35 55 96 32 3 25 8 83 62 41 42 28 51 12 21 65 40 10 75 87 51 81 68 19 4 51 
72 10 72 93 46 74 24 65 80 100 66 72 80 94 24 76 87 60 48 77 34 24 62 6 3 46 58 64 57 6 41 7 62 60 78 13 18 76 94 79 74 56 50 48 69 8 38 59 64 32 14 59 76 35 58 24 9 68 76 31 77 46 76 6 85 72 85 12 94 42 10 55 64 82 96 4 45 49 16 40 35 50 24 82 56 35 68 97 63 98 34 94 53 36 0 82 57 40 36 71 37 96 20 97 4 58 96 54 36 36 72 21 86 48 58 79 68 100 54 30 89 16 74 100 85 90 60 85 
58 95 87 53 100 39 71 43 44 39 89 68 1 23 39 56 77 40 73 7 32 9 15 92 89 89 91 62 23 23 33 83 22 3 35 81 0 27 73 0 64 57 17 72 100 81 61 11 20 21 40 27 42 83 41 50 3 31 59 59 34 91 63 12 21 61 75 5 58 81 61 53 54 33 79 22 49 55 33 54 70 67 85 35 92 99 67 52 19 25 55 44 65 97 67 46 9 77 73 10 6 95 21 11 64 35 27 23 75 51 61 17 66 89 63 33 26 57 3 56 21 47 91 74 71 99 5 29 
57 40 61 11 60 33 44 40 9 40 22 14 23 41 56 3 54 14 87 32 6 53 96 65 68 90 59 96 49 13 50 82 27 80 21 59 31 11 91 88 23 34 25 40 89 43 94 50 89 58 23 41 16 31 98 93 100 66 75 52 69 1 22 41 2 62 5 85 40 16 92 82 57 36 43 48 51 74 94 1 18 27 31 1 32 55 99 57 48 33 51 6 16 27 6 39 94 76 83 33 46 55 10 66 43 94 42 30 85 25 94 6 19 56 13 37 20 97 76 27 56 16 7 58 15 43 76 6 
45 48 31 53 94 89 8 58 51 43 6 66 34 29 4 91 100 17 81 33 68 74 44 39 34 36 3 50 74 63 90 16 39 1 15 61 6 71 42 56 79 54 18 46 40 53 96 64 9 7 41 51 66 19 42 55 60 96 67 88 91 10 20 9 56 20 47 15 41 73 72 6 83 87 7 10 82 55 62 69 52 18 97 69 0 19 54 15 58 14 7 34 89 9 2 75 58 33 41 75 88 47 2 50 65 53 51 84 7 23 76 94 71 94 59 26 88 29 10 1 84 94 79 94 97 97 12 76 
16 47 97 9 93 9 10 19 7 45 10 68 76 44 78 68 96 42 96 60 6 6 43 26 6 71 74 89 11 35 33 42 94 39 89 53 77 80 36 30 100 39 33 8 2 43 92 4 55 24 16 12 88 11 60 74 18 22 30 77 5 34 55 54 15 9 41 63 23 64 70 12 0 79 91 16 46 64 30 97 64 94 94 46 48 3 86 82 38 12 20 47 99 83 78 10 67 57 63 93 43 28 78 77 78 76 63 10 42 0 24 10 13 98 94 82 80 1 33 72 12 10 18 45 7 59 29 9 
98 18 10 83 2 37 17 97 49 46 10 53 35 18 63 19 20 91 45 19 33 68 8 9 3 15 51 46 92 92 20 31 72 10 22 64 40 13 5 56 47 80 73 13 73 14 97 2 76 91 53 13 23 95 33 100 49 68 91 2 82 79 72 8 7 72 74 38 16 9 45 29 45 96 54 5 9 79 45 57 84 19 24 51 46 14 92 63 69 99 35 80 86 77 62 100 25 31 68 0 55 77 77 19 31 100 98 1 37 13 21 28 60 47 43 5 47 98 100 89 43 99 15 40 64 74 92 17 
60 64 33 16 94 33 32 20 71 26 1 52 97 75 72 76 63 88 27 97 26 35 6 31 88 50 63 59 99 83 80 45 6 81 29 35 48 41 0 77 59 22 41 100 95 71 58 23 7 6 59 33 82 32 2 45 62 19 99 58 63 35 25 42 27 14 61 6 30 45 54 62 19 80 71 80 97 71 60 38 53 82 43 81 44 37 82 25 24 44 67 57 77 95 94 90 45 98 31 55 44 77 24 84 37 70 55 42 55 44 94 37 18 36 88 100 82 15 26 53 88 30 31 62 61 22 2 29 
40 67 55 17 90 13 3 32 17 44 33 6 51 5 10 88 71 58 37 73 79 27 42 61 14 78 35 60 97 61 12 81 4 10 3 49 62 93 18 96 17 98 37 62 51 89 46 59 78 26 49 71 87 85 52 47 52 8 75 66 69 45 73 82 44 52 63 7 22 16 31 74 57 30 88 40 19 13 36 16 81 50 45 19 12 42 18 95 26 90 51 82 59 26 50 76 97 2 69 51 56 53 42 96 99 0 63 70 41 36 32 53 32 66 67 7 72 3 90 52 95 11 47 98 90 45 72 69 
73 39 97 3 90 7 95 7 94 23 1 88 47 63 31 91 68 51 7 31 11 63 43 95 47 65 31 16 53 83 83 92 33 48 25 55 78 49 9 29 82 77 81 52 61 53 19 12 13 15 55 73 28 61 67 4 89 69 79 82 27 63 72 13 18 43 85 29 46 71 87 49 66 93 83 87 77 75 83 5 44 91 75 83 50 49 5 2 53 53 27 6 81 9 11 37 4 55 66 73 84 69 5 21 18 59 7 60 79 23 85 68 91 83 9 49 56 19 25 68 67 37 15 64 5 91 85 78 
69 33 28 95 6 52 94 1 7 93 96 74 9 10 44 87 62 46 37 25 20 59 32 26 25 12 24 78 74 6 82 100 38 0 78 99 68 18 14 31 100 10 84 80 63 58 16 0 10 52 76 65 96 40 62 6 87 86 39 42 75 8 38 49 78 26 82 89 82 56 42 15 90 56 4 2 19 86 26 59 80 41 4 65 20 4 72 56 59 36 100 34 18 78 76 81 96 4 0 4 4 40 66 17 60 9 82 98 79 60 56 98 47 10 68 79 93 51 14 80 25 18 90 22 75 0 6 76 
93 24 79 96 71 55 64 31 68 42 69 1 48 89 50 81 17 88 19 12 3 3 4 70 72 94 71 71 90 27 78 93 96 34 73 37 55 25 88 89 96 82 61 33 8 49 64 84 77 56 73 40 61 73 92 16 93 16 99 35 68 55 16 15 12 1 33 32 77 63 50 33 90 50 11 22 63 44 56 51 42 10 47 20 59 9 79 10 69 64 99 69 62 73 58 49 50 70 7 98 29 13 10 19 46 40 39 77 14 65 54 88 27 98 65 90 1 39 98 2 31 86 95 61 94 33 90 50 
85 28 93 48 47 39 60 33 84 52 9 93 68 87 54 73 40 95 37 12 77 83 54 76 7 87 39 91 47 7 78 66 82 20 71 14 75 1 54 87 100 52 13 43 26 39 23 12 69 24 47 14 98 85 14 37 77 71 47 35 71 65 13 48 11 98 26 94 41 59 6 31 92 40 23 25 66 13 56 86 9 16 9 55 41 37 24 80 61 18 35 49 29 63 40 17 12 42 41 98 1 75 72 21 44 96 100 3 44 40 15 26 61 12 54 4 13 67 50 100 89 47 55 77 48 31 48 8 
68 13 63 91 10 48 78 57 76 10 32 100 90 93 3 50 31 61 51 6 18 51 51 96 5 92 35 82 62 29 31 21 18 17 21 56 58 60 8 85 66 26 76 22 34 73 39 61 42 3 73 56 86 83 36 96 11 76 22 41 70 25 49 10 39 27 5 42 18 92 58 1 89 68 26 38 48 13 27 72 1 97 43 2 34 18 86 60 80 48 100 98 59 13 31 88 35 43 55 34 23 68 46 87 96 36 20 88 34 1 75 35 88 29 29 28 4 78 43 8 29 10 34 8 30 45 53 11 
24 76 52 13 57 71 93 15 30 43 69 87 47 86 78 92 39 70 58 100 13 49 49 68 83 81 95 5 85 40 86 93 56 19 42 81 53 19 5 63 70 65 61 24 2 86 58 53 72 24 52 11 59 55 70 98 65 99 15 13 41 88 66 48 99 10 99 15 47 11 100 95 98 97 47 67 13 64 8 74 9 0 24 60 17 31 99 34 89 1 25 43 93 54 76 46 70 34 6 63 91 87 22 5 14 46 75 93 70 86 26 51 58 38 40 80 10 1 79 47 35 73 51 51 4 6 78 92 
82 42 79 6 40 67 2 12 87 98 49 79 62 100 4 52 59 20 95 2 93 4 54 73 66 9 33 17 96 97 0 65 74 60 50 78 1 51 12 99 71 62 93 93 28 7 33 33 46 100 21 4 31 99 64 87 36 18 55 41 51 17 99 40 51 8 77 27 18 47 18 0 63 84 4 79 8 69 64 20 53 8 39 66 9 15 98 67 23 56 17 79 4 91 86 60 81 14 11 68 87 40 100 19 37 84 51 37 52 17 92 75 32 54 13 8 22 57 60 89 90 98 15 17 50 29 0 87 
69 20 69 76 25 57 48 8 47 50 65 33 3 55 17 54 6 77 89 34 45 9 90 20 38 62 65 55 5 75 32 21 12 96 75 30 25 83 50 76 68 76 53 1 72 33 90 25 2 51 15 24 83 71 26 53 2 46 87 76 10 71 76 6 85 39 95 70 15 69 64 63 33 58 27 37 54 18 6 30 63 52 33 94 27 15 60 77 0 34 21 85 10 69 4 23 25 84 41 20 56 87 68 65 17 50 15 81 58 23 30 30 96 60 31 6 63 77 16 71 62 0 47 9 28 85 64 15 
61 74 22 75 76 8 90 22 5 38 40 58 58 74 72 8 41 2 70 81 7 96 84 65 50 87 48 90 75 68 50 11 0 8 81 77 2 44 46 8 87 94 5 55 1 75 18 57 74 44 34 69 48 50 10 55 20 60 4 64 87 12 46 4 9 12 16 63 40 45 74 96 89 30 46 61 65 18 66 63 23 2 88 41 26 6 86 39 9 55 10 14 82 80 66 40 79 48 84 63 0 26 16 58 22 78 60 56 75 54 42 63 4 36 14 71 92 82 18 27 40 4 2 0 9 50 22 71 
24 82 77 41 36 9 29 60 34 29 81 9 33 5 83 64 97 67 93 73 76 57 85 15 12 42 81 55 19 83 49 95 82 55 83 2 72 55 61 48 43 31 41 28 3 5 9 1 44 23 67 67 74 43 41 36 0 47 12 24 73 75 59 20 89 5 3 35 98 40 38 32 75 7 51 74 79 3 75 40 31 63 61 27 88 47 75 57 92 3 33 20 83 9 91 0 99 79 21 32 4 15 88 84 17 47 83 26 31 1 80 63 38 15 91 67 66 93 51 37 22 43 62 86 87 28 85 7 
13 53 43 99 14 21 18 85 26 54 73 8 71 95 100 54 28 0 55 3 28 17 14 66 25 40 89 82 77 43 4 74 80 22 65 11 70 14 86 11 90 66 53 54 97 99 70 68 32 88 77 37 64 15 45 52 15 60 87 84 85 65 32 40 46 32 25 81 24 53 0 55 40 74 67 52 53 81 1 39 40 4 31 38 56 83 82 48 89 2 41 88 57 19 0 55 50 16 87 89 66 77 74 69 38 18 63 86 65 23 38 94 93 32 37 61 78 25 38 58 78 36 91 80 82 95 3 96 
91 18 25 79 18 77 88 15 34 96 81 20 73 66 98 71 86 78 82 29 70 43 56 10 87 68 45 34 67 1 40 78 15 43 27 47 64 33 97 17 40 14 65 22 51 9 86 62 63 20 87 25 28 17 86 16 53 6 91 40 27 89 44 95 22 86 59 77 40 56 100 1 28 16 75 26 41 61 24 65 68 94 13 37 0 77 8 96 65 16 77 52 33 57 26 19 51 52 61 51 29 97 56 19 54 71 87 84 83 25 22 81 41 28 99 59 52 95 1 64 35 38 79 0 42 5 90 64 
3 8 0 2 75 89 63 52 12 52 64 61 87 75 37 8 4 26 6 93 74 71 47 49 29 32 80 75 9 39 47 95 29 22 85 86 96 53 53 91 44 4 92 77 7 51 55 43 71 20 42 14 41 17 43 43 7 60 86 87 89 100 41 28 31 69 89 59 45 56 72 51 87 47 39 90 39 40 88 81 73 67 97 55 57 42 52 94 52 49 30 38 12 10 86 51 13 75 77 11 85 44 86 69 5 25 75 48 48 82 22 62 24 23 1 31 5 56 84 0 52 41 87 8 34 54 56 10 
35 73 89 17 31 46 80 66 49 89 61 58 80 18 76 11 39 31 57 91 69 98 46 14 82 99 5 38 34 80 92 18 52 21 83 39 33 34 8 93 77 55 57 42 48 78 38 62 62 71 79 99 21 36 24 44 54 45 87 10 72 45 38 38 63 95 84 44 60 71 49 61 76 58 84 9 29 25 59 28 97 73 74 14 74 65 47 76 85 2 32 66 84 19 67 74 16 68 8 70 16 65 59 94 74 76 42 51 3 9 42 25 41 94 84 12 80 99 31 73 23 93 52 53 69 12 41 64 
54 52 7 35 10 94 30 91 56 76 76 50 73 39 48 75 44 36 83 3 85 3 98 30 23 58 97 70 51 18 100 78 73 51 57 15 100 69 8 79 18 90 65 26 51 49 18 88 47 10 93 25 92 73 42 58 37 40 67 18 7 87 68 41 17 8 1 33 24 87 38 7 90 0 11 8 3 10 45 34 44 40 41 9 48 1 85 54 25 84 9 80 15 5 46 31 70 98 41 37 92 77 4 53 62 74 35 84 31 59 72 72 99 8 9 17 36 91 58 48 13 20 91 39 51 21 38 49 
26 34 81 13 6 75 94 85 0 52 13 46 3 59 26 11 26 14 20 53 68 75 64 18 33 42 29 12 97 94 58 71 64 0 91 57 74 68 40 12 4 68 41 30 61 7 46 52 1 12 23 55 98 29 92 10 95 11 39 16 69 13 14 49 9 10 47 3 62 15 8 69 0 60 67 44 35 65 50 5 80 18 51 53 92 33 56 78 43 50 9 68 35 75 90 35 32 28 67 67 6 97 89 43 92 80 95 0 81 53 10 62 39 90 91 3 72 7 53 18 56 80 35 88 89 7 98 73 
93 65 63 93 96 7 85 91 53 71 5 78 26 48 65 86 29 35 31 31 4 55 3 78 38 17 33 74 51 15 23 15 64 77 89 41 34 77 9 70 87 89 81 60 71 33 27 51 94 79 53 78 74 65 65 77 38 31 15 96 71 63 53 61 16 26 65 99 10 15 65 32 17 33 75 76 57 43 18 56 47 25 17 79 35 21 19 93 24 33 5 52 49 89 48 0 47 55 89 45 23 24 78 26 88 11 7 82 94 65 99 89 58 79 65 2 74 91 91 31 58 64 63 52 45 5 43 58 
5 72 74 3 26 38 25 34 47 60 5 100 87 52 66 42 33 16 12 74 88 12 100 65 50 32 22 98 41 44 8 58 64 78 12 39 98 99 94 34 55 73 70 1 47 44 24 3 62 28 80 21 68 38 72 19 78 88 75 78 10 52 76 17 56 12 70 77 15 4 42 0 27 90 16 80 43 40 55 29 63 18 28 1 24 28 2 4 30 96 40 98 31 98 46 78 7 78 27 41 42 74 100 36 29 44 56 34 13 30 90 33 26 14 8 49 56 34 46 1 46 12 52 58 58 98 10 56 
51 24 67 4 23 82 98 62 75 74 5 29 68 97 14 80 45 32 19 98 99 61 58 59 86 78 85 39 26 97 38 25 70 14 37 82 15 35 86 21 65 84 53 95 82 81 66 79 68 24 97 100 10 31 48 85 38 29 88 11 15 1 55 65 56 41 45 28 53 35 74 68 89 56 39 17 54 49 64 14 45 40 45 20 75 3 42 45 94 82 85 1 8 13 11 10 95 90 69 100 80 79 55 72 85 78 79 35 68 45 64 97 90 46 77 52 85 65 36 45 28 70 7 13 49 53 4 76 
27 88 73 44 79 71 32 90 89 34 49 21 68 83 96 2 95 74 97 66 11 53 26 37 48 43 61 67 54 91 42 29 74 13 63 54 15 71 94 92 79 34 5 3 68 43 26 79 31 44 75 2 49 27 94 0 70 28 43 87 50 55 76 49 28 6 83 30 77 47 32 84 97 16 23 43 72 67 76 10 13 16 39 12 86 87 86 88 54 12 73 27 100 69 65 34 61 40 63 52 77 63 40 34 39 54 75 95 76 83 74 81 74 14 95 66 1 77 57 55 48 100 44 91 35 7 100 18 
19 20 90 47 71 87 65 83 23 17 81 15 99 18 66 20 35 12 80 39 35 73 53 36 20 91 89 49 73 13 40 13 38 20 38 32 23 51 77 50 58 79 33 23 49 86 52 39 56 28 32 29 77 79 21 56 23 95 55 97 65 90 52 57 54 24 28 41 81 29 17 1 24 59 31 15 79 32 52 32 9 56 90 24 57 51 43 90 15 99 21 71 51 30 88 66 86 36 65 9 45 70 22 31 6 53 63 21 85 46 2 73 22 92 53 20 1 5 19 2 33 35 51 87 78 96 82 24 
47 86 49 66 6 46 69 85 32 55 60 14 36 31 43 18 31 75 65 8 29 93 62 20 57 90 80 82 20 35 75 41 6 92 23 56 68 26 4 0 26 40 8 94 6 49 19 73 88 65 95 100 36 24 12 94 7 86 84 76 36 27 11 29 84 53 19 94 88 78 38 43 16 34 96 60 82 99 7 60 25 47 67 8 13 60 14 10 64 60 52 79 44 57 55 73 69 73 15 62 57 24 56 21 50 84 72 64 6 75 93 47 58 75 79 16 85 77 86 52 11 22 90 10 36 65 21 20 
30 37 15 56 87 85 90 55 93 64 25 41 82 55 62 81 10 56 47 14 53 68 95 6 95 60 97 23 96 49 28 48 29 1 37 62 93 4 18 77 96 100 17 54 46 43 62 84 49 66 30 0 25 64 76 30 49 24 71 79 86 9 62 42 69 40 81 96 51 21 50 13 76 24 99 61 70 69 12 23 100 46 77 46 33 23 37 63 81 74 85 33 54 83 40 81 92 16 29 78 23 67 16 59 44 46 7 73 38 9 94 12 78 20 13 44 67 1 100 74 15 52 79 92 46 67 26 43 
76 94 37 98 25 25 16 61 88 100 21 13 36 93 61 80 0 64 13 6 85 77 2 42 89 22 93 59 4 89 48 32 35 2 6 12 1 78 26 11 24 66 5 36 28 65 61 32 97 12 11 68 39 3 34 10 15 26 91 91 96 19 79 92 89 16 92 85 15 85 8 79 56 80 59 13 4 59 82 34 32 49 87 52 93 7 38 84 63 84 9 57 33 22 81 45 51 14 7 90 27 17 94 92 97 38 39 3 18 25 84 64 56 74 9 92 27 18 32 6 41 8 99 57 52 89 70 55 
68 78 92 51 84 56 54 5 84 16 98 88 65 60 49 33 1 42 90 43 14 22 69 70 53 28 6 12 79 96 74 70 63 10 4 55 64 58 8 1 0 22 6 100 23 64 12 26 45 4 12 21 40 46 24 18 53 74 100 16 11 26 32 50 97 52 12 29 2 74 44 37 42 68 36 86 1 24 70 19 66 50 48 93 44 50 4 8 53 70 94 64 53 59 28 65 98 32 94 5 66 78 54 83 94 18 48 26 3 67 52 78 28 40 100 5 71 62 3 32 23 70 67 56 27 16 58 95 
78 49 77 69 66 13 84 23 84 1 49 58 75 9 51 73 30 3 49 21 94 43 21 62 11 27 92 38 93 85 19 68 78 58 47 53 34 34 39 7 90 95 93 30 27 13 15 1 25 95 3 31 18 25 37 81 97 57 35 38 85 53 69 96 27 79 5 63 66 89 84 75 36 91 63 60 35 88 43 51 44 5 7 73 76 85 87 6 33 63 1 0 47 97 83 1 22 59 94 55 56 65 87 13 62 14 95 60 77 81 61 31 89 7 24 51 66 15 37 10 5 11 82 28 95 44 5 99 
11 13 55 65 34 17 78 78 75 2 93 38 77 91 56 66 43 56 91 3 68 75 20 57 85 51 93 6 11 83 80 45 10 86 37 97 13 93 12 8 77 86 5 4 45 65 12 5 54 38 89 67 70 1 26 79 52 20 95 2 75 39 64 23 44 22 39 87 8 85 4 62 87 96 11 40 13 55 72 24 100 42 33 91 20 49 68 43 16 44 97 94 1 17 4 30 15 10 97 69 58 25 60 23 77 12 47 4 75 87 84 83 16 2 18 76 90 79 20 61 8 83 51 46 93 56 76 20 
83 64 93 35 28 71 68 18 33 16 33 2 69 17 56 30 36 35 97 7 30 79 52 39 36 90 45 67 71 65 36 83 28 98 3 95 58 33 90 28 19 64 33 88 15 11 96 93 74 18 99 81 44 25 14 77 58 8 61 0 49 17 62 27 16 86 93 56 69 83 82 86 17 34 27 18 7 17 8 40 1 16 47 57 30 65 92 53 86 100 89 10 67 59 61 46 96 82 99 13 94 57 4 86 91 50 23 94 7 21 16 11 42 92 18 41 18 87 12 43 64 30 37 22 3 85 80 54 
15 78 66 94 74 35 30 45 23 36 42 22 55 54 77 45 82 79 91 93 3 36 64 29 54 81 65 90 72 34 96 27 9 61 73 60 83 85 21 86 87 18 52 47 97 17 31 12 75 60 66 69 5 13 46 43 53 53 5 18 82 28 100 39 22 50 96 10 34 47 17 83 3 13 90 5 87 43 89 47 96 69 93 37 7 78 40 43 15 89 85 26 70 92 58 80 49 80 32 94 42 17 67 51 6 46 14 88 29 35 7 79 57 51 47 47 29 24 75 99 77 73 93 58 26 62 72 36 
29 5 61 26 43 56 92 35 46 75 77 46 5 86 59 25 64 28 32 80 92 19 33 90 73 10 10 71 59 85 7 83 1 65 67 66 51 72 18 60 10 25 97 99 95 92 62 53 81 12 52 96 46 25 81 52 46 84 36 31 43 29 61 88 25 62 13 31 8 70 22 48 81 54 51 62 13 24 0 67 54 84 79 62 72 25 29 96 56 68 26 63 85 99 89 32 77 5 91 19 53 78 14 96 66 73 59 0 100 60 46 24 71 64 18 6 16 35 53 48 34 100 100 3 21 31 85 90 
60 100 23 91 70 99 74 16 45 6 49 23 31 85 4 13 62 0 27 35 77 95 92 41 94 76 1 16 58 97 50 52 33 20 57 75 42 69 26 78 95 44 60 78 63 69 62 76 46 38 73 61 36 33 11 51 36 76 33 100 73 79 76 4 33 72 55 73 44 91 30 24 73 56 98 6 91 76 76 11 80 4 33 19 72 41 26 89 50 74 21 28 67 37 72 7 32 48 94 45 36 16 26 53 64 44 3 20 85 13 10 82 75 66 39 21 74 39 72 91 34 34 29 20 19 29 74 11 
56 16 85 27 88 75 0 30 3 92 36 91 63 27 74 35 34 24 89 85 68 67 84 71 34 98 85 8 65 19 62 82 60 20 55 31 48 7 36 92 11 24 12 66 45 87 34 8 61 2 83 93 60 75 82 93 92 68 84 58 79 67 28 4 46 44 65 17 48 48 48 62 87 70 98 60 45 4 98 13 62 86 51 25 80 11 84 19 58 34 97 30 49 59 78 55 54 66 54 71 80 59 10 18 9 70 23 76 91 83 52 18 11 90 29 51 98 53 86 41 54 86 61 32 97 3 46 3 
17 21 43 45 61 19 25 85 46 97 29 24 17 97 13 48 73 13 91 17 38 45 21 48 33 95 73 96 23 29 63 23 50 33 41 13 74 35 39 95 62 3 35 84 55 41 35 59 66 43 61 75 92 83 81 80 51 3 9 68 96 81 49 17 16 75 83 55 46 47 89 47 78 89 76 54 34 5 41 18 67 57 98 47 16 27 68 76 1 13 21 65 67 93 60 88 43 81 65 27 42 59 7 9 62 75 29 38 20 89 11 41 62 93 59 44 16 84 43 18 39 14 33 8 75 61 11 14 
3 42 90 25 100 88 42 41 70 80 23 86 83 82 13 94 55 64 8 95 78 64 1 84 31 36 85 54 53 12 83 22 84 62 78 11 26 10 82 29 88 17 90 10 33 50 11 7 20 38 16 51 62 92 68 46 49 70 32 100 37 50 30 69 64 2 86 81 48 68 83 57 20 2 56 10 87 82 12 94 9 6 80 51 76 18 58 35 69 57 56 30 39 32 74 30 19 88 98 73 36 84 78 39 24 10 40 0 53 94 44 93 64 14 54 45 80 2 78 8 83 50 66 38 53 58 44 26 
59 80 23 70 25 81 94 47 100 51 95 14 20 9 76 98 71 96 93 62 54 57 86 52 77 72 81 67 48 41 9 95 58 58 51 60 69 63 54 7 14 70 59 11 30 2 45 55 100 58 1 46 47 51 80 50 36 86 93 19 96 60 42 61 4 63 67 80 78 69 72 87 2 90 85 87 38 60 14 14 69 28 34 48 15 32 96 78 15 92 13 47 4 15 78 87 61 4 20 92 100 35 50 9 94 67 85 7 4 37 4 21 36 80 75 68 79 85 74 86 29 76 9 39 89 67 86 6 
27 16 33 57 86 57 34 61 21 40 31 75 58 93 30 62 39 12 98 40 47 65 62 0 97 52 49 21 68 87 86 39 6 34 33 14 89 64 26 1 46 50 91 91 46 49 46 55 15 16 91 64 63 11 36 32 25 44 17 49 72 71 66 89 40 42 97 40 37 40 42 53 22 72 21 87 0 35 40 32 45 10 88 94 79 31 2 88 77 76 45 20 72 97 72 64 93 98 31 3 17 23 84 23 56 22 81 40 48 79 66 77 96 36 29 64 93 77 74 32 39 38 46 71 55 17 38 46 
90 75 83 38 67 48 26 11 96 24 78 12 24 63 89 31 70 73 25 50 44 38 0 4 75 16 74 34 52 17 55 14 41 23 31 84 68 10 10 93 6 100 88 58 76 35 31 90 63 45 1 66 82 22 16 17 57 26 86 16 90 45 1 32 45 73 39 4 20 18 28 51 54 59 40 47 82 9 89 77 10 19 21 94 7 8 22 84 41 42 8 6 58 19 37 11 16 53 25 28 32 60 40 41 28 18 48 2 62 31 7 44 91 9 95 30 24 36 18 12 85 50 14 38 98 67 39 37 
54 36 98 7 78 53 75 85 56 65 87 40 41 94 30 20 53 84 54 75 71 53 45 26 97 59 1 79 31 4 44 14 45 6 30 2 39 85 87 55 77 39 35 49 8 30 72 84 25 12 86 5 77 75 67 20 23 91 38 71 99 50 72 56 85 100 48 65 8 93 19 53 38 91 61 93 53 74 66 9 98 58 34 89 3 11 73 82 39 3 5 17 72 34 56 41 20 20 84 97 25 41 3 31 54 81 45 77 39 32 54 28 63 76 52 6 93 9 1 88 62 47 41 45 15 84 10 77 
50 36 23 42 31 21 56 38 33 6 83 41 10 67 82 95 92 46 100 0 17 7 10 35 3 0 53 75 54 75 70 68 67 56 11 42 27 2 60 58 10 18 75 55 68 75 72 100 41 48 9 14 17 61 80 88 34 40 1 19 48 43 8 46 96 80 99 20 36 73 70 100 57 40 9 69 76 63 74 58 34 90 17 38 45 37 6 85 34 32 45 81 82 74 50 37 46 64 80 14 13 1 62 6 51 68 33 3 40 18 36 58 11 66 95 72 5 71 50 49 3 72 5 73 84 32 32 26 
78 28 81 18 55 85 28 86 51 76 46 97 85 1 48 10 72 72 39 30 89 11 42 69 26 14 73 11 76 29 8 46 11 67 13 48 83 73 60 36 51 38 55 3 46 37 32 60 77 73 31 66 73 17 20 35 0 34 69 19 8 17 72 94 13 12 29 6 85 93 6 74 39 76 1 3 56 69 16 33 64 80 83 58 17 1 84 63 76 100 41 15 45 97 67 17 62 4 31 40 78 57 56 7 37 28 5 31 42 13 30 50 83 4 89 42 49 7 50 75 8 10 29 27 100 81 30 57 
18 15 88 39 80 2 28 96 63 66 98 90 93 59 53 47 38 14 68 55 6 90 8 27 68 30 40 14 83 82 64 10 39 87 46 3 60 54 94 6 77 30 86 56 39 100 30 68 51 2 37 73 64 10 12 25 86 92 20 48 17 31 36 26 79 22 0 49 88 22 36 78 77 30 26 22 59 68 42 29 100 74 70 51 57 28 92 91 18 48 46 36 43 53 52 41 0 32 84 21 80 92 100 24 41 64 18 2 23 40 62 52 13 0 75 81 56 76 35 57 80 52 72 54 43 70 82 65 
15 61 1 55 8 83 43 98 1 97 15 87 87 29 13 22 50 73 71 85 90 59 11 1 56 93 69 90 5 1 23 2 19 49 41 23 56 45 43 79 3 67 95 41 33 91 91 72 27 63 95 96 90 53 51 63 81 92 21 50 45 73 29 16 31 23 1 43 26 47 87 26 89 27 76 20 21 45 59 71 26 17 35 5 18 81 1 81 4 63 81 72 77 18 49 37 16 51 63 35 76 60 87 48 27 25 33 48 65 33 27 50 5 5 13 35 90 92 5 59 30 53 73 82 41 51 95 4 
87 86 43 34 82 39 30 39 94 24 67 34 21 37 34 2 87 70 9 53 93 67 43 30 15 76 77 56 63 43 32 49 62 10 91 9 2 5 96 73 38 91 63 30 7 41 86 13 100 52 65 63 100 97 44 42 7 32 97 42 43 18 22 15 0 21 91 3 54 51 10 85 16 40 65 94 21 55 96 14 81 19 49 3 34 1 50 36 75 24 25 56 41 69 24 96 45 46 49 7 86 48 34 67 74 6 73 22 64 43 86 11 48 100 31 44 70 91 26 62 65 96 1 46 29 61 36 66 
35 22 41 61 32 95 58 87 94 6 59 2 7 47 88 78 12 4 23 83 16 19 36 49 37 34 64 12 12 3 92 21 12 78 81 98 94 65 38 3 30 40 27 20 11 59 42 17 86 10 31 61 76 45 38 88 43 36 37 47 69 49 40 55 96 100 1 57 60 23 86 27 38 72 69 26 47 9 23 72 37 78 3 62 7 1 60 48 53 40 30 89 3 31 90 24 65 62 15 92 70 53 56 41 70 70 13 94 85 43 22 59 22 20 89 5 95 15 34 94 47 16 44 50 83 34 88 80 
2 97 39 51 97 74 26 52 41 95 35 76 15 10 10 34 84 9 65 0 84 54 44 58 42 97 41 79 30 38 64 1 93 64 80 78 92 4 19 70 96 10 56 83 69 65 61 26 20 84 42 14 22 85 85 63 21 66 24 91 15 67 60 84 33 63 11 61 45 86 62 41 10 1 25 44 68 52 24 28 54 41 49 37 99 12 6 99 54 17 73 64 96 84 58 50 13 78 98 22 4 75 7 88 12 66 30 51 59 33 27 52 72 88 50 42 24 13 89 9 83 86 66 11 77 21 40 15 
50 72 24 50 40 44 23 56 34 4 76 31 97 83 5 1 61 80 58 44 12 77 22 1 93 46 16 85 54 87 50 66 92 99 77 25 39 66 84 0 77 29 91 6 34 36 28 57 25 57 49 15 33 42 24 56 32 27 49 56 31 100 96 98 29 22 34 90 80 86 71 34 72 68 68 43 7 27 9 31 39 70 42 0 52 15 66 89 36 96 66 31 91 19 73 58 99 32 36 91 17 32 78 33 89 67 45 90 10 80 20 46 44 29 5 55 8 24 84 16 17 45 73 54 51 46 6 11 
96 23 1 21 34 11 78 29 4 56 59 63 32 97 100 44 85 68 73 3 50 45 54 13 97 42 5 24 61 29 94 22 11 78 3 65 38 51 8 67 98 74 79 36 85 33 0 37 70 18 43 27 30 43 66 80 97 12 9 9 57 69 74 0 49 36 43 21 45 35 92 5 88 80 21 4 7 37 64 92 39 20 33 19 70 91 12 32 61 98 1 22 63 55 30 29 86 32 57 97 98 75 2 19 56 64 9 90 21 64 74 3 66 46 71 45 6 85 72 96 88 60 81 84 46 25 66 63 
86 1 63 59 90 23 84 3 100 0 55 13 45 95 8 98 73 74 31 38 33 89 6 42 91 24 9 32 7 67 92 6 35 12 25 55 92 91 69 69 56 56 47 65 49 61 24 25 21 36 25 33 70 71 32 4 89 34 17 26 51 55 18 32 83 96 37 81 92 33 72 11 94 100 33 72 1 23 90 30 61 84 23 45 42 59 68 36 93 28 69 54 13 40 78 67 51 2 35 49 34 79 16 93 42 64 6 80 23 71 22 67 38 48 50 61 12 86 2 86 25 37 77 62 9 11 84 75 
27 33 25 43 62 53 21 16 92 49 87 20 15 21 65 21 0 93 1 37 93 65 17 81 68 99 49 66 13 73 93 55 62 75 27 13 54 39 95 2 69 11 87 58 83 20 5 80 62 49 7 79 46 7 21 75 56 71 57 44 9 65 27 99 34 97 58 99 56 9 55 68 35 87 0 30 47 85 69 31 4 5 81 5 18 99 23 83 80 3 55 76 63 88 85 34 87 81 9 59 72 59 15 0 93 69 61 68 77 81 17 27 45 28 87 59 42 57 61 83 96 47 61 80 30 83 32 47 
91 100 84 53 84 30 70 31 81 62 76 60 4 86 34 13 48 20 42 37 8 32 35 11 96 62 68 84 73 0 30 79 2 36 34 49 66 34 36 74 59 78 54 58 32 10 42 56 39 62 48 39 87 36 2 54 94 26 76 63 39 38 16 23 64 80 44 27 46 5 18 4 33 86 86 80 5 98 24 47 1 50 18 47 92 66 0 41 16 16 2 18 49 16 72 60 85 66 60 75 54 19 0 62 31 26 2 43 37 84 84 59 61 100 70 91 82 80 26 77 40 22 42 98 73 64 78 68 
47 26 37 78 81 73 14 18 31 19 91 43 57 43 38 45 30 71 85 0 41 65 92 29 14 62 72 81 14 59 6 35 26 60 43 90 13 90 62 16 67 80 91 75 18 67 76 74 6 46 75 68 99 59 46 71 66 68 17 53 15 17 12 35 24 20 27 78 23 97 50 16 43 42 69 27 43 85 72 73 30 56 65 38 1 27 20 33 18 38 51 31 66 35 2 48 1 56 61 64 60 97 94 76 56 43 69 9 36 75 30 72 49 86 63 24 46 41 64 19 38 38 64 47 4 31 40 76 
89 52 79 60 65 29 26 59 80 64 83 11 2 65 76 23 38 90 63 20 5 45 16 55 64 32 18 90 58 89 66 71 96 44 17 32 41 45 60 78 73 73 83 20 22 73 32 94 33 76 25 80 19 61 6 5 2 80 73 45 10 47 96 67 92 86 82 0 43 85 52 92 57 38 21 7 10 9 62 93 26 86 71 72 3 93 40 8 87 94 87 2 36 57 48 52 65 50 67 2 43 81 10 66 29 36 61 57 20 57 50 64 55 73 93 88 70 83 78 85 0 9 25 43 90 17 34 80 
89 71 48 93 41 78 33 33 2 67 23 37 73 50 94 23 88 80 76 9 91 44 57 34 83 50 51 47 3 22 96 51 48 42 72 73 13 73 67 71 72 63 26 93 33 34 69 56 65 22 80 99 59 41 97 20 33 45 57 43 62 19 82 45 28 90 74 23 22 33 30 75 82 51 1 45 0 20 38 33 26 66 17 11 19 41 69 86 45 71 99 13 57 86 98 68 11 76 4 83 47 33 19 41 74 97 13 29 80 52 77 84 19 42 66 23 39 18 73 26 7 41 49 53 33 54 35 92 
53 5 83 46 40 44 68 25 12 50 24 42 88 74 76 71 20 91 47 70 75 76 28 20 39 4 84 71 4 52 91 63 100 25 73 28 86 85 48 93 6 96 50 54 3 98 47 52 5 79 21 89 66 22 56 66 19 84 30 90 29 57 9 69 64 71 45 24 69 82 88 73 24 58 9 78 28 77 5 93 60 93 87 74 58 30 98 95 51 8 68 20 100 23 45 70 16 83 55 46 94 49 33 59 46 49 66 43 85 81 31 58 47 23 29 88 76 48 64 100 57 22 18 36 40 85 99 12 
50 100 85 56 46 67 64 67 35 58 27 97 64 39 14 34 41 86 14 38 67 35 54 0 53 40 15 15 89 23 32 54 15 58 59 0 99 49 52 31 66 4 71 43 62 89 6 19 94 78 19 36 37 37 63 38 91 44 33 70 22 35 78 96 75 41 67 76 73 51 84 43 98 16 32 27 80 83 4 4 43 33 73 80 35 29 83 36 13 70 87 23 46 41 72 15 100 36 53 64 1 65 36 57 86 30 57 75 62 95 82 13 84 30 30 72 69 23 71 16 19 48 53 51 81 93 78 17 
86 18 36 22 94 47 100 81 89 10 23 19 4 87 6 36 59 60 11 48 63 43 68 0 55 43 43 21 54 21 20 40 79 78 37 78 83 45 6 71 78 26 31 31 38 35 20 75 43 78 49 56 5 97 2 83 1 62 49 61 70 5 20 52 39 66 21 90 77 87 20 73 84 84 41 39 16 41 76 34 89 14 25 42 95 45 68 16 41 18 39 28 12 43 28 79 67 86 41 99 17 9 18 79 12 16 33 73 96 29 86 81 84 40 1 56 49 67 30 44 79 36 90 75 30 55 10 77 
52 2 20 49 72 34 30 39 74 26 4 99 95 86 32 18 46 6 20 67 50 7 86 78 5 74 58 36 1 60 38 67 97 58 90 29 52 18 10 69 41 8 28 30 95 94 30 95 86 22 24 79 78 28 30 4 39 96 32 98 69 20 22 78 83 14 36 25 52 60 56 87 88 0 76 70 75 99 42 36 44 4 58 52 82 76 48 30 38 54 24 58 83 78 96 85 98 88 63 29 21 100 8 37 34 0 86 20 81 78 80 93 38 52 0 17 12 8 4 84 57 36 88 28 79 96 50 29 
99 40 95 23 14 66 47 1 49 27 39 42 33 99 33 92 63 88 95 75 33 30 99 36 1 17 3 28 27 31 7 52 85 65 36 99 40 87 9 51 49 41 75 2 5 87 75 39 92 5 49 89 96 21 3 54 89 1 26 50 7 29 61 74 55 21 58 25 92 47 11 23 38 1 37 86 97 81 21 64 73 1 65 41 80 80 77 18 65 81 71 64 1 27 14 85 32 73 5 42 7 67 41 94 18 15 61 74 91 35 67 45 92 1 41 21 46 95 69 78 39 17 85 82 13 91 75 48 
45 78 5 51 16 27 36 58 85 54 71 40 49 73 46 19 74 22 68 1 13 9 27 55 20 30 79 14 55 20 74 65 50 30 31 81 96 83 42 100 31 0 95 67 19 53 100 78 71 62 51 35 56 27 85 93 16 34 37 19 3 9 18 45 26 6 63 87 63 51 80 38 67 42 65 0 15 5 2 25 80 96 75 61 8 39 40 58 4 80 47 64 83 69 70 70 21 6 39 35 60 63 60 12 83 40 1 72 27 1 0 28 67 3 27 75 28 93 68 96 48 85 61 16 31 96 100 18 
69 26 7 17 46 35 18 13 43 58 55 2 63 95 8 71 22 94 7 78 25 73 26 74 34 94 67 30 1 15 64 49 8 62 73 89 34 39 18 67 17 80 43 64 61 79 82 42 93 39 81 59 82 63 72 23 66 74 17 44 54 95 38 73 74 20 49 60 78 88 45 20 51 68 45 34 99 50 20 57 3 58 25 31 38 95 28 95 38 82 55 60 63 15 0 97 77 32 97 75 14 71 74 50 57 22 69 76 45 7 0 82 91 98 73 83 94 21 86 43 84 74 30 15 9 87 34 26 
22 73 81 91 93 16 58 12 33 45 3 59 20 12 56 23 76 94 24 32 98 33 21 86 52 88 18 17 87 53 1 40 27 81 43 11 21 64 60 78 70 11 67 18 48 22 10 8 92 74 40 84 10 51 99 14 96 2 34 5 99 29 47 36 85 37 92 1 83 46 68 96 96 11 5 48 98 52 30 55 78 50 84 56 20 3 37 7 16 6 48 67 17 11 3 85 6 85 3 9 55 0 52 22 98 95 49 24 14 74 88 14 55 78 20 14 42 57 97 58 84 96 44 51 45 45 73 29 
24 36 68 6 9 29 35 85 79 8 94 71 43 75 49 33 60 95 83 93 75 78 34 33 19 90 35 60 0 42 62 4 23 39 44 44 74 7 65 19 67 85 84 81 31 73 97 0 9 73 41 89 99 64 15 95 53 95 49 17 20 11 8 100 81 12 100 52 80 85 47 7 35 38 46 15 31 55 77 7 36 27 1 21 99 68 4 73 47 85 91 67 8 44 22 90 38 49 94 71 50 79 13 65 21 36 60 73 9 43 87 98 15 75 17 91 51 12 52 87 73 55 77 6 8 14 12 31 
12 72 69 65 16 21 100 38 3 62 79 90 16 39 40 44 31 76 33 17 75 69 42 71 56 44 15 24 61 21 92 34 87 74 63 82 100 15 78 76 61 97 95 92 18 59 100 45 24 42 7 71 32 19 16 89 11 32 9 66 19 81 82 58 19 88 79 3 66 69 78 61 69 56 28 90 100 70 56 76 33 14 55 67 6 43 18 11 10 96 3 44 9 43 82 29 90 51 67 11 30 7 92 96 9 87 29 26 77 42 70 88 98 38 11 42 46 29 28 9 80 32 29 98 37 43 28 7 
26 92 83 41 26 37 4 64 9 62 35 50 61 29 100 6 55 48 27 76 28 49 52 73 91 58 15 74 91 39 52 32 35 4 97 63 22 79 19 51 67 96 67 40 47 29 72 61 76 98 25 85 80 3 60 53 100 17 57 10 99 71 92 84 15 42 77 21 4 90 42 23 1 28 1 20 99 71 15 30 57 0 41 47 84 11 64 57 76 16 91 82 55 89 2 53 48 20 17 33 30 38 0 58 59 90 81 46 67 25 45 63 10 56 57 49 30 9 64 59 50 38 81 18 47 81 72 15 
67 11 45 12 98 33 95 1 12 29 15 50 40 39 91 37 76 99 89 7 48 9 3 84 43 71 75 95 17 63 73 29 60 43 59 43 38 21 15 45 63 31 43 18 21 83 9 28 11 97 19 13 50 63 15 74 99 40 97 2 37 9 39 31 76 53 3 65 6 9 7 21 7 51 13 84 83 9 7 79 58 79 15 77 100 39 0 14 51 27 51 24 35 72 43 26 41 49 67 25 8 17 53 3 30 17 41 58 57 83 69 56 73 63 79 49 62 75 18 40 65 89 53 42 17 79 49 38 
91 72 76 29 40 10 70 11 38 52 51 62 57 2 54 5 78 80 24 53 92 50 68 16 29 94 38 68 55 88 46 45 38 86 98 61 26 22 74 77 78 70 22 86 25 29 70 48 76 36 86 35 54 58 98 58 23 38 97 32 19 100 46 3 64 28 58 64 0 30 68 55 40 14 68 26 77 16 50 27 34 36 45 80 78 2 57 44 21 0 48 100 41 90 50 52 41 54 60 8 0 4 42 41 70 74 0 81 63 1 55 36 27 54 43 11 72 48 0 70 35 62 38 24 53 58 66 24 
45 4 37 6 11 85 22 89 50 33 75 71 78 15 64 45 98 100 85 46 5 63 40 22 83 32 67 21 55 83 92 13 84 96 19 2 77 57 14 31 40 46 95 81 62 47 58 38 57 22 63 96 29 65 8 16 45 82 85 37 60 23 54 79 14 100 45 21 51 13 24 69 10 44 97 39 88 99 44 87 10 66 23 28 8 77 38 80 85 48 79 87 44 59 88 92 97 24 43 100 7 73 62 75 72 75 45 81 72 83 58 74 55 94 69 6 59 19 72 6 95 44 49 63 82 39 78 22 
57 24 55 52 61 6 72 71 32 88 27 29 62 1 90 68 72 90 52 90 5 27 54 20 6 18 47 87 88 37 94 51 98 4 13 94 69 13 2 33 0 26 19 89 58 15 94 48 13 10 89 38 39 1 16 10 11 18 57 91 69 61 72 23 96 78 27 98 39 59 74 84 52 58 53 97 10 37 6 15 56 74 17 21 33 81 67 77 75 2 3 17 4 67 62 84 91 34 9 66 83 37 32 65 2 82 97 88 8 41 38 62 63 38 6 68 59 3 33 14 93 100 89 1 8 69 94 0 
78 51 81 15 52 2 4 21 38 31 83 46 46 79 95 50 77 84 33 92 0 94 95 64 1 66 72 74 74 95 41 72 71 65 39 26 2 25 86 87 60 52 48 84 34 81 65 89 78 43 11 92 34 34 18 98 84 0 44 36 98 83 43 48 93 71 96 16 96 10 71 15 20 94 90 60 68 35 67 4 19 19 95 56 38 34 50 16 49 8 24 92 13 13 3 99 14 7 63 0 0 96 92 23 52 71 13 48 70 95 85 23 4 20 93 10 88 86 58 78 11 10 64 90 20 65 53 63 
6 58 74 77 52 95 23 7 58 87 3 65 59 88 96 50 25 36 18 21 39 15 83 94 3 46 35 43 81 74 84 50 39 80 0 89 69 69 56 97 52 75 67 83 62 30 24 57 8 0 2 39 43 97 55 17 25 33 61 35 93 54 60 74 55 26 18 87 79 79 45 89 86 23 33 19 55 54 5 92 40 18 56 7 48 77 61 94 85 23 48 87 83 0 24 39 94 78 40 55 55 29 29 81 84 73 41 55 38 24 76 95 48 34 87 11 91 87 67 28 61 9 94 19 3 71 91 94 
92 99 61 30 81 55 18 64 3 10 3 11 50 81 32 56 51 29 17 20 80 99 2 25 70 4 95 21 0 54 30 96 87 46 32 15 53 73 6 90 81 48 11 91 86 57 32 35 18 92 47 2 15 56 100 3 74 78 19 69 16 71 86 66 87 80 73 96 59 39 8 96 55 92 61 67 48 39 16 5 21 26 91 50 47 77 36 89 18 72 31 23 62 33 18 23 2 53 11 60 1 83 54 28 93 74 69 65 16 21 92 93 10 46 10 32 47 19 74 35 30 60 27 83 78 21 20 75 
14 63 99 15 91 43 86 22 29 46 11 27 72 91 98 40 51 68 43 36 35 91 44 79 0 30 99 86 48 75 44 58 61 66 69 32 84 51 82 28 98 3 31 77 18 7 7 51 4 23 17 20 33 25 36 77 44 19 43 25 84 93 82 54 95 58 11 44 97 91 58 58 1 86 33 55 44 77 43 0 5 12 41 93 47 31 42 7 2 24 23 79 60 79 58 39 88 42 33 87 37 99 44 52 27 26 45 45 31 59 56 89 24 66 67 99 49 81 34 77 78 78 39 48 8 59 68 25 
78 46 4 56 76 95 10 36 51 32 80 80 43 98 12 62 47 2 56 57 52 46 0 9 68 40 76 58 90 62 4 18 73 24 98 25 4 34 24 23 51 36 48 12 81 78 74 19 36 50 84 19 48 36 19 53 44 7 42 63 37 26 54 86 99 10 84 43 12 72 70 78 50 70 45 64 77 0 30 92 25 88 32 87 66 76 44 85 6 74 46 18 35 54 72 7 0 80 80 39 38 88 96 86 29 66 6 18 97 82 20 81 5 28 88 39 26 98 66 59 44 56 16 64 89 84 26 57 
60 83 63 89 50 70 90 64 99 83 95 10 73 51 81 68 37 85 27 7 78 25 99 71 88 17 99 44 95 75 85 48 45 55 41 15 56 19 20 54 13 57 39 46 23 3 73 11 56 93 93 65 0 71 15 79 42 79 35 24 83 47 63 2 65 29 71 41 16 47 17 2 73 77 41 98 45 20 73 98 71 67 9 83 68 23 71 35 32 57 91 70 25 1 15 79 30 33 1 25 49 67 53 68 53 87 17 22 83 43 1 25 56 13 63 49 100 13 11 41 68 73 43 68 49 7 67 97 
29 38 53 87 98 83 8 39 100 26 87 36 59 17 2 94 14 4 48 17 42 1 44 0 91 64 3 70 92 25 16 19 84 80 34 31 30 67 64 71 18 14 75 100 11 27 66 88 57 48 51 17 56 47 84 38 33 10 19 88 85 21 72 21 88 70 82 33 22 17 5 7 58 38 25 46 99 21 6 93 22 38 55 40 4 55 100 32 25 44 91 4 39 51 58 38 95 80 95 71 38 11 42 57 62 48 37 42 5 85 50 36 19 71 49 73 24 93 8 28 99 2 67 40 95 13 80 25 
26 68 3 85 26 41 12 5 98 2 57 40 95 71 26 31 32 98 23 9 92 81 5 94 39 0 7 57 61 56 64 59 22 94 85 69 94 11 42 23 100 31 93 98 14 66 26 90 8 28 53 84 81 35 72 22 15 60 99 17 51 63 62 13 8 80 99 80 48 33 94 1 70 56 43 78 38 83 74 61 92 50 2 17 86 87 56 72 71 8 83 70 37 89 80 94 40 79 65 31 88 91 66 43 88 2 95 20 83 31 10 80 83 60 31 83 76 5 22 46 9 90 11 14 20 41 72 82 
25 66 66 98 74 65 55 52 14 54 30 43 73 46 71 74 10 72 12 54 52 22 46 95 65 84 62 25 27 41 97 4 38 30 58 2 88 47 69 40 76 14 90 73 51 95 69 7 53 20 66 98 78 67 87 25 83 64 32 29 31 45 59 56 34 58 34 36 92 41 43 0 44 62 30 59 15 41 23 20 74 34 82 56 100 51 89 17 21 0 66 47 67 39 63 41 39 6 68 64 23 3 45 17 18 52 32 45 79 89 49 97 73 61 42 50 38 65 68 63 43 36 28 35 11 63 45 29 
43 56 79 35 97 40 51 53 49 89 57 50 92 73 95 63 63 27 29 39 1 56 42 38 92 79 95 70 56 53 60 89 55 32 43 71 29 26 66 83 11 54 5 69 86 20 28 72 2 47 25 1 47 28 84 4 74 3 27 38 82 76 71 33 19 99 39 21 23 85 22 22 63 11 11 50 76 26 76 13 77 91 45 81 37 70 36 62 46 11 64 78 84 44 95 8 32 15 97 9 27 94 62 75 83 21 67 74 54 5 18 60 41 55 35 25 87 8 40 3 98 31 47 78 32 34 97 93 
31 81 68 86 70 29 49 26 4 56 5 22 38 11 44 91 68 4 42 1 78 93 20 39 74 14 75 56 79 99 58 57 5 98 17 85 34 25 32 33 18 52 8 74 37 71 62 74 55 44 3 87 52 1 62 46 83 74 84 74 23 85 52 69 26 64 77 19 86 77 25 1 47 24 31 100 45 67 54 10 40 80 35 41 96 29 60 54 59 100 23 34 22 34 92 28 48 12 63 3 98 49 54 81 12 94 59 14 67 87 60 54 89 76 89 83 100 19 3 90 49 34 19 2 21 91 70 61 
44 4 11 89 60 41 22 73 0 35 25 12 39 21 52 43 62 36 89 23 62 11 9 12 93 36 39 66 73 13 6 37 56 86 15 81 57 65 36 54 98 84 49 50 7 25 42 88 39 74 57 43 54 13 16 100 57 32 11 94 5 49 56 25 40 80 99 40 100 60 64 60 12 53 87 34 59 37 48 20 16 72 49 31 70 77 34 31 8 88 52 96 82 61 58 36 98 14 5 49 32 89 30 37 14 82 27 64 69 61 30 8 26 46 15 31 56 39 24 2 99 54 95 86 15 45 14 33 
57 71 17 71 48 77 59 30 49 63 25 94 83 59 63 18 19 47 51 19 48 19 99 23 56 48 95 46 73 8 93 16 61 63 49 95 88 89 81 17 51 97 9 54 21 73 99 77 14 43 79 25 62 77 98 45 1 5 35 82 77 31 91 86 21 43 25 61 65 64 34 96 11 89 79 54 85 95 91 75 19 19 55 64 66 97 17 75 70 9 99 84 97 65 63 33 1 3 59 57 22 49 65 46 59 37 99 44 73 87 89 75 62 59 57 54 38 11 93 61 78 53 47 11 69 91 69 30 
86 96 68 63 84 56 48 18 35 78 20 80 26 16 44 8 9 70 68 93 30 58 16 97 98 18 22 96 87 66 12 38 41 100 22 71 72 64 48 34 5 56 58 80 51 92 80 37 38 50 90 41 22 44 4 39 80 92 34 89 31 74 76 80 69 90 84 19 78 48 2 58 31 34 91 86 65 32 50 56 43 0 0 96 94 70 84 9 47 16 19 62 53 32 66 96 70 36 62 3 46 94 4 18 81 45 42 22 75 84 2 82 58 12 46 31 64 46 12 51 34 9 16 2 15 18 68 24 
86 98 61 52 43 14 26 78 73 58 17 17 52 41 16 60 85 5 39 34 79 62 94 71 60 18 15 65 26 76 4 16 23 4 33 88 67 65 72 84 73 56 77 85 57 45 72 1 84 70 63 70 89 9 80 66 20 12 3 11 20 75 26 40 13 98 33 50 1 51 2 28 49 30 99 96 24 51 96 88 68 36 35 52 82 9 54 63 32 14 35 85 58 13 94 61 74 48 83 84 89 5 22 16 35 26 43 49 76 79 94 51 12 48 21 50 89 59 8 33 100 80 23 5 58 9 62 30 
21 78 67 68 11 55 78 76 35 46 93 45 42 51 30 37 77 44 21 86 46 95 88 57 11 94 7 47 12 9 15 36 99 0 43 86 95 9 72 83 39 58 13 55 62 15 90 25 38 6 5 78 29 25 47 13 66 100 75 28 78 93 10 78 14 0 67 22 13 59 64 66 43 10 39 97 73 92 82 58 27 12 16 8 13 5 62 61 48 42 31 57 81 24 72 81 70 84 29 40 65 9 60 69 49 42 35 35 16 23 36 23 48 38 83 96 57 63 18 67 58 23 83 85 56 47 24 50 
71 40 98 27 97 59 27 45 14 75 13 97 89 40 2 86 31 80 55 53 29 47 51 26 92 61 79 31 63 32 56 72 70 8 40 32 54 79 89 57 90 48 14 63 67 8 22 45 14 8 68 89 82 77 63 84 23 3 3 59 89 18 74 40 99 88 2 5 59 99 79 49 34 93 87 71 7 4 70 62 45 84 50 77 33 73 73 26 100 21 11 80 15 0 74 98 56 88 52 79 31 39 94 27 74 51 63 27 49 74 30 51 60 64 57 25 95 59 88 52 35 59 67 3 7 18 96 24 
63 13 75 88 78 8 78 55 10 30 86 12 98 99 31 0 19 61 37 62 4 50 58 78 11 80 56 24 42 35 49 86 83 10 35 88 54 48 72 93 98 18 20 84 84 55 66 33 46 61 93 8 74 68 82 90 46 44 56 12 21 38 50 60 47 13 99 82 18 70 17 59 78 78 60 84 46 71 91 82 57 70 85 90 46 54 76 8 1 72 26 98 24 8 83 17 6 74 37 90 22 48 4 61 28 6 60 52 58 27 97 67 26 45 55 16 50 60 58 56 99 36 98 12 68 11 85 80 
27 38 57 98 5 3 90 81 40 96 9 15 86 1 90 54 63 67 47 79 25 9 72 60 35 80 99 41 12 25 74 59 50 4 73 68 77 67 32 15 44 26 57 1 48 65 100 88 79 76 15 98 39 15 38 60 3 22 55 13 98 1 38 47 72 64 77 16 35 3 2 9 20 50 47 67 40 49 72 11 78 96 43 42 87 23 18 80 71 74 15 58 57 6 0 0 45 70 47 94 11 71 28 7 60 77 15 29 68 73 76 100 5 0 24 42 75 1 72 28 94 0 55 94 2 41 78 7 
20 96 5 22 25 75 48 75 18 64 14 13 38 15 28 93 20 30 33 15 11 73 28 79 37 78 87 29 85 99 44 59 86 38 55 50 93 47 98 29 96 23 93 5 46 26 24 12 47 24 31 50 11 55 32 44 0 50 87 35 12 99 45 30 10 82 3 6 27 47 34 9 12 22 51 45 54 11 62 43 4 56 37 100 3 7 24 78 9 4 7 37 0 5 37 66 13 12 29 68 63 35 85 21 12 77 23 73 84 27 4 98 43 16 7 96 55 57 22 62 27 66 75 13 94 95 14 3 
6 26 100 79 48 61 36 21 96 72 80 34 73 6 90 69 100 92 82 73 26 56 72 14 7 72 52 22 80 82 24 95 22 34 74 33 24 94 38 91 51 54 0 32 49 36 70 33 86 72 90 11 26 20 12 27 89 43 64 90 87 70 36 35 2 96 54 75 61 92 86 40 88 66 50 94 52 1 18 23 52 4 98 85 44 66 86 36 36 40 16 81 89 24 92 78 22 98 64 83 4 94 18 11 16 90 94 26 75 84 44 52 54 16 100 71 46 78 95 74 83 52 95 0 37 14 22 23 
16 27 1 53 28 69 17 83 84 21 13 10 5 54 39 5 18 47 50 7 92 85 17 100 81 95 47 68 47 51 69 80 96 43 83 89 8 99 13 53 26 41 41 15 34 73 32 24 20 13 47 20 14 27 1 24 27 3 27 8 71 43 47 43 37 25 71 83 18 41 17 45 50 25 47 23 3 79 11 59 76 79 97 79 92 11 75 24 79 1 71 20 79 41 66 90 75 47 49 77 80 79 51 7 41 27 23 31 63 75 49 16 79 86 7 27 4 61 7 88 93 79 91 72 78 25 69 11 
29 6 31 91 92 36 60 16 25 30 53 6 95 71 16 74 45 52 51 67 2 93 20 40 28 2 79 6 69 57 16 84 68 46 33 83 26 51 22 92 37 68 57 66 97 71 42 7 46 54 77 25 8 48 82 0 80 94 63 12 1 96 30 12 25 50 33 41 68 65 98 98 29 66 59 70 11 29 18 14 7 89 95 82 30 15 88 13 4 8 71 62 39 23 96 19 22 0 47 32 36 47 44 62 23 18 95 16 97 11 86 73 14 62 25 69 72 1 6 47 59 20 7 8 49 3 86 92 
71 28 17 51 88 13 98 79 9 22 61 52 73 1 56 18 81 0 33 85 6 53 58 36 72 42 81 1 35 9 2 0 7 19 55 71 80 57 70 86 11 94 29 60 70 5 92 63 94 74 99 5 60 55 48 97 69 30 35 46 55 71 80 14 23 12 55 27 30 5 70 48 23 72 7 92 45 91 34 81 64 77 85 45 9 95 4 27 49 54 76 68 61 1 90 43 51 28 65 31 92 73 93 40 91 51 27 72 35 25 66 50 44 46 43 50 52 83 60 1 82 52 71 72 61 57 12 32 
47 96 70 12 47 33 7 31 67 36 64 89 79 15 11 51 6 27 87 13 9 46 42 20 57 90 5 96 86 32 96 52 95 6 58 84 98 69 61 42 5 52 40 61 3 27 91 24 47 97 78 55 85 60 62 17 87 5 47 86 94 8 6 80 35 22 92 66 94 1 62 91 15 2 96 89 51 11 62 53 54 59 43 15 49 4 27 29 95 11 1 46 44 86 8 83 42 10 96 42 86 25 77 1 13 42 36 89 5 35 7 52 29 10 97 79 25 4 100 71 49 33 63 56 100 67 54 66 
19 25 21 57 73 72 72 60 16 73 33 34 11 58 55 99 50 38 42 18 38 3 33 99 28 52 48 87 73 41 57 90 45 85 15 31 73 12 4 48 66 15 89 8 16 34 88 26 3 3 32 44 30 69 97 18 0 42 30 3 63 53 31 84 31 87 59 65 31 18 10 44 60 31 82 24 9 62 4 65 60 48 82 8 54 10 22 90 52 56 46 61 49 59 35 3 1 71 52 73 23 74 0 40 98 13 59 86 8 74 66 28 77 32 2 13 42 63 19 0 60 86 62 37 6 37 57 6 
6 72 23 35 14 45 2 28 99 97 89 68 10 23 68 15 60 48 91 81 33 19 96 57 62 44 57 54 19 3 96 63 90 85 9 51 58 81 42 14 79 22 69 76 27 96 52 34 63 56 37 1 4 73 37 21 88 20 7 48 47 55 50 49 32 50 65 93 78 91 82 88 87 16 3 16 15 7 28 41 50 100 95 97 40 73 44 37 96 46 74 74 68 89 60 74 45 69 51 99 62 17 54 50 5 26 3 46 3 43 52 62 37 46 9 61 84 39 86 51 4 6 79 30 67 11 54 57 
94 88 48 13 52 27 48 18 11 94 29 30 7 97 82 47 44 18 29 77 26 59 90 45 94 46 69 92 88 29 23 35 24 44 83 17 74 65 96 8 57 2 5 74 9 43 94 72 45 52 67 55 2 17 18 83 70 86 7 10 45 5 1 41 50 88 55 67 34 95 4 98 93 48 44 6 10 61 34 53 24 34 37 5 12 73 92 52 68 26 69 28 15 79 8 70 17 62 21 15 98 5 6 4 25 86 67 66 25 21 94 20 51 52 31 23 4 11 54 73 82 64 6 48 59 71 30 61 
9 53 71 21 22 48 43 95 30 67 29 42 89 81 1 4 61 79 39 23 27 11 43 26 55 65 29 32 3 91 30 82 5 29 9 33 58 32 53 93 6 25 37 46 97 33 63 11 98 63 76 31 92 65 91 74 41 79 91 18 27 71 97 46 93 91 85 13 18 95 9 23 54 33 87 76 89 75 35 24 23 93 31 51 32 65 79 12 73 14 61 84 93 9 89 56 86 83 83 5 95 81 73 49 66 39 23 12 63 51 51 97 95 68 41 81 30 51 59 70 99 57 39 50 1 29 2 13 
37 62 72 71 18 60 18 41 62 76 66 96 77 62 18 88 1 32 17 68 95 38 89 58 47 20 80 1 91 16 44 50 55 60 26 79 31 44 24 15 60 20 68 30 79 34 78 47 6 36 18 5 56 82 90 32 3 24 24 34 41 48 18 56 14 96 34 9 34 28 40 63 40 26 26 40 59 78 82 60 27 28 66 41 54 48 100 66 87 46 10 84 7 36 88 97 86 44 76 49 69 46 0 83 32 10 92 38 77 68 8 93 4 66 43 37 66 60 20 0 45 42 42 18 39 90 17 56 
21 42 91 44 67 7 88 63 4 98 5 89 4 53 4 16 25 88 43 0 59 51 58 8 85 60 29 63 97 97 60 32 63 83 73 32 19 43 98 33 58 46 49 79 69 85 82 90 26 28 13 26 69 61 16 54 51 46 83 59 0 15 92 90 55 2 97 48 9 43 96 57 98 94 79 5 18 35 34 54 27 10 13 48 47 36 78 60 49 20 33 97 10 45 26 49 28 14 49 56 69 95 38 68 70 74 59 91 56 56 46 97 18 26 17 96 29 90 82 1 83 26 71 73 88 14 2 82 
27 92 29 38 51 67 8 25 22 30 77 93 58 91 62 40 91 94 37 96 19 18 26 16 27 46 93 43 50 71 40 17 99 18 51 38 23 43 72 83 0 20 69 7 98 91 86 75 26 0 86 28 0 83 38 75 81 2 39 15 30 40 72 42 6 94 27 87 1 79 88 99 70 86 91 99 9 71 46 56 13 90 87 42 47 91 18 28 85 44 69 97 48 11 13 25 78 86 87 60 77 31 4 93 74 54 79 70 10 51 10 31 32 58 35 2 49 81 30 84 27 20 11 3 92 43 42 58 
22 21 11 50 62 50 35 39 92 0 94 36 94 21 41 45 27 8 99 15 86 9 47 10 13 72 92 84 68 93 43 69 46 50 25 16 54 83 16 97 66 20 92 38 52 57 19 78 35 57 9 12 80 87 78 61 47 34 86 76 34 85 77 13 30 57 33 62 80 58 86 17 26 74 54 63 40 13 15 63 22 29 85 26 18 82 52 87 43 86 32 40 83 91 97 57 13 96 90 96 20 95 30 6 100 4 92 64 98 73 3 36 61 65 37 4 32 14 36 36 69 82 14 0 90 93 47 3 
71 28 24 98 43 51 69 9 26 60 81 87 37 58 4 21 19 10 34 97 49 33 85 58 69 97 1 69 63 84 94 57 90 40 40 99 95 75 59 59 0 37 13 89 97 24 56 66 39 22 48 2 25 83 5 94 33 95 15 13 51 94 20 51 90 76 8 51 81 53 97 90 70 93 95 7 49 98 14 91 52 80 24 57 81 83 35 10 73 25 49 75 13 44 66 81 97 46 43 83 11 67 75 85 44 71 11 97 24 94 32 30 49 4 62 47 1 81 99 24 15 3 91 94 1 26 40 31 
44 38 55 48 1 37 28 26 57 0 81 25 74 41 44 77 44 88 39 48 49 97 20 35 50 4 73 1 80 21 74 1 74 16 20 46 33 79 94 86 71 34 89 20 12 56 80 96 89 64 5 6 63 43 58 35 21 16 79 50 70 25 46 27 0 3 53 35 7 37 28 88 79 26 7 93 64 29 30 3 6 58 97 40 85 7 97 43 5 62 37 89 82 31 78 30 73 100 89 42 59 55 71 64 7 34 83 77 22 45 96 18 27 82 29 28 76 1 20 85 20 2 51 17 63 87 2 44 
9 4 45 47 65 61 0 4 19 98 37 1 18 69 68 49 88 80 2 32 29 13 86 73 40 44 97 24 45 35 30 90 24 28 36 70 37 3 8 94 73 0 29 91 30 81 12 42 5 74 19 77 27 51 54 25 59 36 63 23 70 23 69 7 12 70 3 16 51 49 56 92 47 78 55 25 54 35 12 39 34 33 27 90 68 75 72 81 76 96 13 49 46 45 21 90 3 82 51 18 83 59 16 30 57 78 27 83 42 65 46 64 63 78 19 89 95 21 89 23 6 42 63 61 42 74 66 43 
2 74 16 7 56 100 16 86 17 78 72 10 21 48 76 77 22 58 14 41 82 52 100 31 92 100 44 64 63 48 8 73 88 76 86 79 78 78 72 22 37 87 4 32 87 62 86 10 73 22 60 25 86 68 46 39 44 58 8 58 79 36 88 91 84 58 6 29 10 58 12 90 93 84 50 40 57 64 20 47 40 42 64 97 78 32 75 7 92 94 100 56 57 80 10 74 87 26 41 87 60 0 42 32 99 64 95 38 59 16 6 14 67 4 42 15 88 86 76 2 16 56 78 22 77 30 48 3 
66 23 69 81 54 46 41 40 47 49 21 28 51 9 51 61 46 51 61 77 32 77 65 3 40 7 77 38 65 4 95 29 90 61 23 21 8 36 11 0 63 87 53 82 78 5 99 94 46 7 15 35 44 89 81 57 4 15 11 38 85 59 67 59 4 67 51 83 8 61 57 31 67 95 99 40 91 65 79 95 64 15 35 21 68 25 55 73 14 47 49 0 83 57 3 72 31 30 87 66 68 45 39 84 25 93 91 84 37 17 60 12 63 11 71 71 78 63 31 19 97 35 43 34 83 61 1 15 
99 22 35 73 54 77 96 33 32 0 65 94 47 75 44 72 39 100 47 19 90 63 90 14 77 38 5 60 17 95 92 98 59 16 53 90 92 45 82 7 64 42 21 48 81 27 46 41 72 64 49 59 22 93 76 76 7 22 91 56 79 11 14 98 23 30 57 77 18 13 87 57 6 8 95 54 49 68 48 42 17 80 25 3 2 12 14 74 83 54 1 76 89 19 94 87 23 58 9 5 45 13 28 7 81 36 95 36 91 11 74 47 82 24 53 73 82 2 74 46 79 98 35 2 13 51 26 32 
71 92 17 47 36 69 90 75 28 62 13 72 1 93 6 34 3 42 41 35 86 92 74 40 7 52 85 26 27 49 42 22 67 24 87 43 2 25 10 25 38 92 25 88 31 51 30 1 92 60 15 1 8 57 68 60 9 20 23 34 19 21 98 96 55 8 39 93 69 77 6 25 4 54 43 10 71 37 72 10 45 50 75 9 18 13 36 50 33 8 64 88 79 43 88 55 58 33 79 9 48 65 22 85 23 78 87 58 15 5 26 39 12 73 90 26 84 79 8 6 52 27 71 24 23 61 22 75 
95 92 3 62 62 67 93 42 74 84 76 68 59 3 41 5 75 74 46 70 3 35 57 21 55 38 52 75 81 83 71 15 40 81 21 29 11 28 44 67 11 33 30 82 96 93 0 85 19 67 49 54 48 1 1 42 98 37 44 48 86 0 20 36 91 39 70 36 42 35 89 34 34 8 92 1 55 59 37 87 1 88 86 48 79 37 55 67 23 64 36 85 4 61 16 88 77 3 77 15 85 17 46 67 25 23 47 58 4 18 34 91 5 15 39 31 97 8 36 68 96 97 18 40 9 24 82 4 
72 97 73 81 51 22 58 35 67 67 9 72 64 19 74 76 96 9 17 3 69 100 42 10 4 41 61 8 32 10 12 55 40 86 80 38 68 21 31 94 32 68 24 19 97 11 83 46 0 26 84 54 26 1 69 85 31 37 32 98 99 97 85 32 45 55 69 39 97 60 42 93 37 7 95 98 44 77 16 0 32 53 83 79 26 82 20 74 53 11 61 46 45 99 26 64 20 28 24 12 18 53 91 14 46 98 78 39 63 69 22 84 30 100 86 52 92 27 93 73 59 66 26 19 5 3 32 68 
50 62 98 3 2 19 52 41 40 12 53 8 63 9 22 76 65 86 23 59 17 87 80 2 75 55 37 0 25 19 20 15 50 74 45 91 24 94 16 16 64 12 61 30 87 49 84 47 37 13 21 45 98 77 18 92 81 6 23 20 49 83 39 34 92 84 63 65 54 59 70 35 19 74 70 30 79 71 34 32 43 54 17 4 58 85 36 12 97 74 65 48 71 73 60 48 45 16 45 9 82 45 100 33 24 2 7 50 29 81 62 57 100 32 99 41 52 39 10 68 64 34 42 19 63 5 90 46 
38 20 33 47 58 51 42 7 95 82 85 44 63 67 46 8 9 67 77 77 34 3 54 70 93 72 65 42 80 3 92 39 38 14 23 87 20 34 30 17 20 38 100 94 5 23 36 63 96 12 43 37 40 25 47 84 79 52 83 50 93 49 18 89 94 52 41 44 22 27 72 9 100 4 99 70 69 37 8 20 35 74 51 17 18 33 46 8 51 66 65 22 61 83 14 63 67 100 86 31 90 70 50 31 90 78 55 40 89 75 22 53 39 64 54 75 79 11 8 14 85 52 51 44 85 23 27 18 
37 57 11 17 36 51 53 24 61 67 33 78 17 72 49 23 48 81 43 21 38 1 80 85 86 19 65 60 3 97 18 68 91 81 85 57 16 31 29 2 77 25 9 34 63 89 71 54 53 7 84 55 0 35 25 14 36 55 36 46 7 53 85 0 45 31 95 31 52 23 60 52 61 93 27 32 33 33 45 9 14 81 25 95 8 75 31 93 30 29 17 12 32 77 88 75 78 99 69 31 10 23 99 37 75 31 51 50 71 62 23 36 31 61 43 59 51 13 75 22 44 3 65 66 3 26 39 56 
91 100 52 63 14 4 90 48 53 84 42 100 95 28 36 35 62 0 80 28 92 76 92 59 96 90 74 72 13 80 96 50 15 6 16 11 2 96 12 62 47 52 18 72 98 24 22 46 15 84 67 97 64 0 12 27 24 70 48 62 25 2 36 96 34 30 22 1 82 52 11 2 75 30 30 80 63 88 8 53 38 4 62 79 20 76 96 99 85 78 2 58 99 34 70 11 12 41 66 49 0 52 96 40 7 18 58 14 89 22 87 34 33 96 26 85 38 72 36 45 14 56 70 10 95 4 57 60 
35 22 79 22 37 59 14 86 31 44 69 97 94 69 40 39 8 54 27 86 75 85 48 11 0 88 89 31 46 37 70 2 39 94 45 14 88 15 54 22 37 100 49 95 89 16 44 35 3 87 25 100 91 68 86 33 86 18 53 47 2 21 58 16 55 0 83 34 79 83 63 38 51 60 75 99 30 93 72 45 57 20 93 0 71 43 74 44 20 52 93 17 22 31 4 51 14 39 97 48 43 59 8 36 76 6 6 71 22 89 32 12 25 24 8 72 99 97 8 95 48 78 81 7 49 41 62 70 
71 54 53 2 63 25 76 80 45 70 85 75 72 79 48 63 75 72 41 0 51 41 82 97 32 64 33 93 15 23 26 36 1 94 19 98 15 63 18 20 14 100 25 71 24 45 36 68 47 26 36 32 1 67 87 83 44 74 61 29 40 71 10 48 43 40 29 90 9 29 52 100 53 72 23 67 74 19 16 29 0 38 43 64 71 79 88 55 18 100 45 39 40 81 34 53 44 76 87 58 65 35 28 60 63 6 51 81 100 35 68 78 36 22 93 82 9 97 83 53 6 76 93 63 28 65 6 68 
27 76 70 85 35 90 85 11 32 73 30 11 95 78 40 87 100 52 58 50 59 1 97 2 75 79 45 65 85 4 19 54 53 60 34 61 43 74 81 90 100 55 85 17 52 98 22 10 74 82 34 59 1 27 48 80 13 5 53 25 97 74 64 66 61 53 0 9 69 81 41 35 64 63 43 79 77 72 32 5 74 48 90 55 35 3 51 54 75 87 21 87 4 64 2 5 76 2 45 29 69 84 60 65 92 53 51 69 73 48 68 18 53 92 4 97 84 69 19 66 41 59 17 70 12 24 18 25 
89 79 81 70 56 82 62 69 11 42 80 70 0 13 61 11 46 39 89 74 72 54 44 74 21 58 32 80 74 31 11 86 1 87 39 26 8 50 60 51 30 96 41 18 20 73 63 6 57 63 51 62 96 50 24 6 47 3 52 84 68 54 61 20 61 71 25 0 5 72 36 55 68 35 8 16 78 35 43 49 52 95 36 92 13 16 90 82 31 32 37 64 60 53 21 81 4 99 31 28 82 38 60 95 84 8 42 24 0 81 67 16 47 34 33 38 80 68 0 16 99 46 10 78 66 44 17 12 
28 69 15 18 98 57 54 35 62 12 23 57 80 3 64 68 25 16 15 18 49 73 8 18 27 66 45 95 60 99 92 49 22 24 49 0 78 17 69 53 22 54 59 71 40 3 26 43 82 98 85 20 77 59 43 32 33 44 97 59 100 69 76 29 98 76 55 52 89 28 96 65 26 25 1 29 88 97 100 86 39 6 12 93 45 30 14 24 85 74 17 97 12 71 62 4 95 52 49 50 73 37 34 53 10 28 1 3 92 63 5 53 82 20 3 36 69 27 88 50 19 48 29 29 80 43 64 57 
10 60 81 88 71 41 54 82 10 90 64 9 22 85 72 15 77 8 15 60 93 19 74 12 23 76 57 91 28 93 60 69 64 20 53 24 85 69 34 39 62 66 67 67 86 33 26 84 96 46 11 90 93 5 10 84 35 80 33 15 62 5 64 10 0 58 70 56 51 29 88 95 31 84 57 27 56 89 30 98 23 80 55 58 49 53 96 52 99 84 61 57 2 25 82 76 67 86 11 34 27 65 88 49 96 36 85 83 18 80 84 51 92 88 41 100 67 15 96 92 33 90 85 31 74 1 45 69 
26 28 16 39 2 82 14 48 28 88 8 92 85 10 82 54 37 84 10 47 32 70 0 18 97 60 20 12 39 52 16 17 30 34 42 26 70 70 78 53 37 42 64 94 23 86 80 37 30 38 48 17 80 8 58 66 79 32 86 82 19 62 14 5 74 34 51 5 22 6 16 13 81 2 0 94 71 22 40 40 45 36 46 31 24 58 0 14 82 14 56 50 91 54 98 96 27 0 100 45 16 25 74 51 30 24 33 32 31 22 28 31 14 74 80 20 23 54 96 88 99 6 26 68 31 64 14 55 
66 21 65 43 94 25 93 85 66 85 24 50 39 81 13 57 79 89 11 65 8 12 97 38 7 47 25 92 17 30 43 73 34 33 5 59 74 93 23 51 58 35 95 94 25 15 67 60 94 51 35 77 58 81 59 74 49 9 25 100 77 65 13 11 46 47 25 59 94 7 35 71 56 3 69 48 23 49 67 18 49 9 59 41 50 45 49 62 13 3 89 0 27 83 53 94 51 67 3 4 78 57 47 85 51 36 49 72 41 17 35 59 52 40 9 99 28 27 21 91 27 73 97 88 60 33 23 27 
19 16 87 49 96 63 71 92 95 24 67 28 61 15 52 77 82 32 37 37 10 67 68 6 14 4 34 70 83 52 48 53 17 23 19 22 34 13 97 80 49 72 27 88 7 89 82 28 59 8 13 51 14 18 82 99 74 34 44 100 23 15 84 26 75 94 95 3 34 87 54 78 27 50 53 32 57 75 10 51 38 2 57 72 80 73 94 51 0 68 1 22 17 49 87 5 50 84 32 43 30 9 77 4 21 86 41 30 23 71 76 40 29 5 79 3 60 10 72 17 32 68 49 6 9 65 18 76 
3 50 85 75 69 59 44 4 1 0 27 90 75 79 86 13 100 4 59 83 94 67 99 81 30 70 73 95 33 41 96 28 57 100 1 3 81 25 78 48 61 42 19 16 55 43 8 78 95 22 39 5 74 65 88 77 20 66 85 48 81 93 26 88 15 45 57 92 30 51 14 0 97 36 65 26 83 37 92 84 58 30 99 27 30 73 6 65 22 39 61 21 63 63 90 1 88 56 51 13 14 85 58 81 47 94 73 16 37 97 100 46 73 75 57 53 80 19 28 19 92 58 41 64 7 86 4 8 
60 73 75 59 87 66 82 18 98 15 31 18 26 56 65 25 20 74 64 34 0 83 41 10 100 20 89 67 13 69 91 29 4 97 7 71 56 50 79 72 48 37 3 100 88 64 32 100 89 94 66 14 72 93 77 86 30 47 28 23 79 76 26 55 50 91 34 1 41 59 22 80 48 45 25 88 41 12 48 27 87 72 66 64 60 9 11 64 4 52 62 86 85 21 25 14 13 79 49 51 13 16 98 38 28 55 45 78 34 84 79 30 47 22 32 26 50 47 31 34 74 22 42 95 81 21 55 19 
46 14 32 98 32 80 38 75 87 32 46 31 89 23 69 69 20 9 3 49 47 38 56 19 17 41 9 60 67 18 36 92 24 2 8 80 96 26 67 37 37 64 6 55 38 27 43 72 17 93 11 59 49 78 12 69 67 89 13 2 50 24 88 71 84 8 81 0 56 23 11 43 31 38 37 3 88 73 39 31 64 93 11 49 83 64 96 93 99 5 53 40 45 58 44 72 87 14 42 80 6 59 39 73 77 15 14 19 71 7 87 60 51 53 1 19 49 96 96 59 84 81 53 10 44 35 58 23 
26 80 47 53 4 27 16 18 73 96 87 55 75 93 22 69 61 4 45 83 54 44 36 53 50 62 38 38 9 81 96 55 40 46 47 61 50 55 64 36 17 56 99 5 97 41 62 81 38 18 61 27 92 23 54 87 33 74 49 30 89 56 72 86 20 100 75 21 20 59 32 60 57 80 97 78 82 77 88 86 63 90 61 39 62 83 44 11 65 16 53 48 27 5 46 84 35 76 73 57 68 35 52 90 99 8 77 68 25 9 50 19 70 72 87 17 24 21 32 79 54 48 41 8 47 81 90 99 
38 42 69 7 27 15 68 86 47 70 7 79 53 71 4 66 85 43 39 63 48 1 28 3 4 52 9 0 63 59 44 20 6 28 57 7 92 35 73 4 11 30 88 50 85 4 41 97 76 98 23 97 20 47 100 29 88 57 29 46 71 91 88 79 80 62 61 24 72 83 30 72 87 62 37 8 53 74 15 50 15 76 87 85 2 78 56 45 74 48 85 6 69 65 86 0 95 14 59 37 66 55 64 94 29 52 73 22 35 95 88 67 46 70 73 73 10 28 50 69 36 0 29 4 97 87 16 79 
63 25 16 85 48 5 17 37 32 65 99 40 65 45 21 33 90 85 93 92 0 81 81 6 77 74 65 68 11 9 61 71 55 29 67 44 22 71 23 95 100 31 79 52 31 43 89 78 11 61 21 91 2 35 81 12 79 19 45 54 53 28 53 34 83 65 94 47 16 73 49 23 48 87 61 16 99 9 57 11 86 77 89 21 8 35 19 54 87 87 97 6 19 47 77 71 68 61 29 99 10 15 64 99 100 77 97 36 85 41 79 98 77 9 91 47 60 45 47 100 61 64 53 20 27 49 39 6 
47 0 18 73 85 24 74 99 76 40 4 72 83 48 69 93 60 62 18 71 28 10 38 50 63 11 12 42 25 90 84 76 34 74 52 1 12 8 78 81 76 36 64 90 49 100 83 22 59 76 54 83 58 44 84 8 81 16 22 94 81 30 92 78 63 86 65 35 80 0 52 29 56 80 74 88 45 50 94 45 10 68 54 63 50 38 78 46 37 48 38 18 73 8 61 24 4 48 88 29 88 44 94 11 19 58 0 47 25 34 10 66 73 36 96 85 96 20 22 86 67 28 16 8 49 96 92 64 
76 76 29 20 65 77 67 53 56 40 15 75 88 91 88 95 0 47 29 18 41 69 76 2 27 92 65 77 0 53 88 64 65 40 11 78 49 7 1 67 58 4 51 51 68 23 20 54 91 70 19 9 99 71 42 54 46 64 80 53 100 65 90 56 19 71 95 46 15 5 22 75 2 24 1 55 24 25 70 77 62 0 81 44 18 74 52 54 7 98 45 63 98 27 34 91 100 10 89 100 39 23 93 81 80 68 81 75 40 43 60 90 49 20 75 68 11 45 59 26 25 64 5 31 16 31 100 76 
83 21 75 94 64 45 34 10 87 2 79 23 40 93 79 7 94 16 55 44 95 37 85 80 69 78 41 13 96 89 8 26 49 64 85 90 45 71 22 69 86 24 87 65 56 17 8 39 35 18 29 20 19 35 92 6 87 96 69 69 74 67 46 49 29 24 69 4 51 41 72 17 54 46 57 79 52 99 48 6 54 100 23 14 75 55 28 36 75 86 81 7 32 77 6 91 86 40 27 22 43 97 71 71 29 32 65 85 42 85 22 60 35 78 61 64 99 89 34 24 47 92 49 23 78 53 26 62 
8 7 33 68 26 78 52 27 94 94 86 70 0 87 29 72 77 7 9 38 80 84 13 34 99 73 72 6 22 95 13 95 26 43 11 48 8 18 92 99 4 94 54 4 12 96 53 39 66 25 74 20 4 98 90 64 9 12 96 72 88 27 39 65 52 69 47 80 14 42 52 60 58 30 76 72 40 30 81 5 87 11 61 42 100 90 59 98 77 10 45 94 18 23 73 78 21 81 53 42 86 13 15 33 60 84 80 88 34 87 81 61 26 31 99 2 98 58 48 28 87 96 54 60 84 31 51 29 
22 36 86 3 39 69 75 69 44 57 35 21 4 38 46 18 89 100 40 75 55 83 11 6 49 51 85 71 0 20 67 71 58 74 88 51 87 9 55 85 42 39 43 5 3 0 98 11 8 70 4 5 69 85 3 68 71 5 41 99 19 52 90 33 22 84 0 97 9 77 75 9 30 72 26 5 87 38 32 88 66 74 32 83 66 89 57 12 27 47 43 69 91 52 18 64 27 60 36 53 33 9 61 83 16 61 9 63 43 26 6 9 60 72 86 97 9 67 77 62 89 67 48 9 39 62 8 9 
48 70 57 40 71 97 24 31 25 64 55 53 62 100 6 54 25 74 89 24 63 39 50 3 36 48 95 47 18 83 36 26 4 10 83 66 15 73 54 32 21 16 47 71 38 65 54 19 70 6 27 68 25 73 98 33 28 46 29 71 46 74 32 61 14 24 71 90 25 57 14 54 17 30 17 17 14 95 98 60 75 74 97 90 87 33 52 85 100 94 99 9 7 45 12 60 7 64 49 50 65 65 21 6 60 51 21 63 38 67 32 13 20 60 83 48 53 95 28 59 51 30 1 95 44 83 13 33 
27 44 19 46 47 7 16 18 73 70 71 55 10 73 54 2 1 48 47 4 31 15 0 5 90 0 95 9 15 2 48 55 66 56 89 48 43 45 80 72 75 80 27 75 20 43 76 55 90 36 97 22 61 16 66 35 10 24 85 81 54 10 96 93 38 34 61 64 36 87 36 21 55 53 53 70 74 0 24 12 61 82 19 38 5 57 35 31 32 4 79 63 40 55 34 56 22 62 47 79 9 56 62 74 63 18 61 91 84 33 34 25 96 35 93 88 25 15 2 65 45 40 1 55 44 43 60 5 
84 24 8 9 54 28 90 72 91 38 60 18 3 78 18 76 79 62 34 39 38 98 88 79 24 40 34 62 25 87 60 5 62 40 11 3 62 10 74 20 81 17 15 0 87 92 97 79 51 6 16 87 16 90 6 77 64 24 56 54 34 30 76 9 42 4 56 29 81 72 54 98 35 62 5 40 34 88 57 54 34 70 52 27 0 84 48 61 12 94 44 78 95 86 87 80 48 51 74 89 84 74 79 2 29 54 64 52 29 84 10 57 40 66 76 65 21 74 74 81 90 1 38 83 79 50 82 86 
30 45 95 87 6 95 19 70 69 34 71 60 83 87 53 59 7 17 80 55 86 71 95 37 56 33 11 14 77 5 91 45 40 69 49 87 10 65 63 26 45 1 27 0 78 19 7 31 26 1 29 61 41 29 79 35 40 25 89 28 35 9 13 9 40 91 5 29 86 11 79 48 56 58 1 90 97 57 21 70 53 77 59 41 4 49 77 39 84 77 59 2 73 19 1 42 17 77 68 45 68 49 97 32 7 89 1 26 34 83 23 49 88 29 25 29 70 3 97 47 72 85 97 70 73 43 99 16 
43 76 25 53 82 83 28 67 84 88 79 0 41 41 46 3 70 86 33 13 20 99 10 56 59 92 43 75 87 53 46 76 41 60 59 97 70 55 86 81 58 48 63 18 71 81 14 50 43 84 51 30 40 13 6 98 13 10 69 32 47 95 44 82 17 80 75 75 78 87 0 89 96 32 37 98 39 47 60 57 78 90 21 5 1 13 15 52 11 88 75 98 43 21 68 29 10 66 5 63 99 59 36 47 54 54 85 90 23 41 63 38 43 12 7 99 35 67 8 98 45 14 69 14 59 77 68 54 
29 43 51 69 48 59 78 57 76 26 68 36 39 83 10 73 54 28 7 55 38 33 52 28 21 28 11 38 97 3 22 8 5 8 33 53 10 75 28 63 82 90 31 51 48 86 38 46 25 44 69 35 18 3 20 42 63 6 49 22 37 31 82 70 49 28 45 48 22 43 60 75 36 54 9 72 71 91 0 15 98 14 71 47 52 91 34 22 31 32 31 52 75 71 0 97 42 2 87 13 100 35 10 97 96 78 29 38 29 35 50 98 79 98 9 25 6 21 80 43 81 22 1 74 96 55 57 54 
18 45 49 47 13 30 66 59 73 69 67 94 86 32 36 37 57 33 21 84 91 54 38 67 94 43 3 88 10 66 53 20 63 5 4 39 22 90 6 65 59 43 99 100 61 76 5 20 86 43 39 57 11 66 62 66 65 51 48 38 20 62 30 8 25 92 96 93 87 75 3 98 20 85 28 19 29 29 97 36 7 46 6 1 40 27 85 87 65 40 10 47 13 77 55 10 2 2 34 50 24 39 59 42 14 76 98 2 39 89 37 80 59 36 31 64 66 1 54 50 3 8 20 79 41 37 41 99 
90 35 100 64 98 19 59 96 26 50 8 19 79 91 17 53 40 86 52 74 56 73 31 25 79 20 84 97 15 43 11 5 27 32 56 40 22 47 53 66 58 45 10 57 31 69 83 89 93 60 18 64 56 35 91 93 7 83 72 85 57 67 69 34 80 29 1 83 45 0 84 15 91 57 61 40 36 78 72 46 87 43 25 68 31 100 56 96 96 53 71 72 74 70 84 45 51 81 9 23 1 84 94 81 66 24 97 98 90 4 16 46 10 65 37 87 73 28 32 11 66 23 57 64 78 43 82 47 
96 10 33 4 76 25 6 97 52 14 11 30 99 69 22 41 2 46 77 29 76 73 47 76 97 22 43 98 85 32 28 40 59 90 19 77 96 39 46 8 24 9 63 42 49 3 54 0 57 88 19 55 0 51 24 6 19 56 89 14 89 69 77 59 26 30 23 36 96 33 76 77 98 16 37 38 61 73 44 71 65 7 39 75 4 2 26 38 3 6 27 4 29 35 89 41 72 90 39 51 84 27 76 91 74 28 25 93 21 1 74 42 89 2 79 31 57 1 27 18 43 92 69 80 33 3 10 87 
2 38 7 11 74 29 34 7 12 38 83 96 57 93 74 29 66 64 35 35 24 37 28 50 63 18 39 2 75 23 34 40 44 41 5 19 52 23 84 23 8 10 16 76 71 49 48 48 91 40 29 69 60 31 100 48 77 32 89 36 7 87 44 59 22 0 53 97 98 81 97 43 40 0 1 12 8 63 66 27 78 76 81 87 74 83 36 44 53 7 83 24 94 73 67 1 12 46 29 33 42 31 14 29 58 65 49 44 7 67 92 50 1 46 56 41 42 45 40 6 51 54 85 22 44 13 58 19 
15 35 53 60 59 89 47 80 27 85 15 66 28 15 39 25 71 9 9 89 74 17 17 73 21 55 3 40 25 45 57 77 56 7 91 30 34 59 71 100 25 50 43 36 29 43 53 45 76 6 43 89 6 59 63 95 76 60 77 76 53 29 39 40 43 9 87 30 74 45 51 21 39 39 69 57 15 29 69 82 77 83 27 61 38 63 33 23 98 71 47 73 83 83 91 32 9 1 99 3 24 51 7 42 49 53 89 16 25 15 73 71 6 85 99 39 66 33 21 37 32 73 85 50 95 59 12 71 
3 0 80 25 66 60 84 15 97 24 83 52 37 10 94 60 75 50 14 1 70 26 94 59 80 62 58 48 79 28 68 3 52 89 98 65 50 16 72 90 86 60 74 70 41 46 14 17 8 96 82 39 100 96 14 69 18 52 58 4 15 99 42 98 71 38 50 19 40 72 2 3 13 6 33 100 1 50 94 18 25 2 96 87 6 24 12 49 90 90 66 100 33 4 66 19 84 60 0 91 62 8 60 70 79 6 86 60 15 34 32 71 29 80 98 31 44 23 90 51 70 23 38 8 69 37 22 75 
17 90 69 72 49 20 53 22 34 12 71 31 92 43 98 73 88 8 21 38 77 67 100 41 28 2 39 9 16 55 84 31 44 58 59 4 69 13 42 7 31 77 39 65 84 34 76 29 2 24 15 44 83 61 52 71 52 20 69 93 40 15 48 40 85 20 47 68 55 17 1 36 95 72 69 8 52 98 38 50 75 5 99 16 41 49 20 79 76 38 71 59 48 19 24 78 61 16 39 44 71 13 86 3 27 42 60 29 18 59 40 31 94 52 47 20 3 7 100 19 76 72 33 31 88 67 76 38 
69 18 99 52 77 53 2 26 91 70 63 47 32 5 58 72 9 12 31 4 65 19 86 96 54 76 39 61 26 77 92 31 76 12 96 63 33 77 40 50 57 38 59 21 98 93 58 97 98 53 29 86 7 49 52 61 76 46 93 45 41 42 34 28 89 38 1 90 71 49 58 30 3 54 52 69 76 97 56 63 79 0 73 37 5 53 4 69 54 46 91 9 32 15 74 80 47 68 61 40 23 65 52 48 41 74 41 57 4 33 86 35 44 56 85 82 15 15 50 89 34 54 1 53 98 25 68 72 
97 87 56 37 69 57 4 41 40 7 95 49 37 52 90 44 81 36 72 25 85 15 31 46 81 45 71 22 55 80 56 99 2 84 90 81 77 77 91 87 29 93 87 77 7 90 60 65 25 72 18 71 63 29 79 19 73 29 77 71 51 71 90 54 9 30 11 91 95 47 35 2 93 97 1 93 1 8 85 54 39 44 68 97 71 61 9 8 61 21 43 4 73 12 22 48 27 14 94 42 7 41 81 9 18 68 17 39 67 8 0 87 11 64 99 87 87 91 80 56 11 89 1 33 69 64 86 50 
93 73 16 40 66 51 58 3 16 24 94 48 90 93 5 16 69 10 43 94 24 74 66 100 99 72 4 22 86 5 13 83 20 49 41 84 36 74 0 69 98 22 6 42 74 95 73 39 48 47 28 78 72 50 74 56 77 52 0 38 2 25 97 2 11 75 85 18 75 80 12 85 19 96 44 12 4 33 93 54 54 29 41 12 16 56 76 83 43 32 0 49 71 43 29 36 19 27 65 2 27 12 50 91 0 52 2 78 25 81 3 69 88 25 77 96 52 4 36 89 97 40 54 70 62 15 80 100 
12 74 61 56 77 75 98 89 47 96 15 91 36 97 82 79 72 42 81 52 95 4 100 64 37 88 59 81 16 83 22 30 71 60 19 75 91 5 78 7 86 18 99 7 24 41 24 18 51 84 99 40 19 17 30 98 51 0 5 21 68 3 32 65 87 38 76 22 5 19 48 59 62 32 93 51 6 7 28 53 6 44 71 16 39 57 48 33 15 83 79 67 58 53 44 82 40 22 68 26 41 41 94 81 20 66 17 43 72 59 63 84 73 80 83 98 57 23 6 39 37 80 21 55 82 85 63 37 
96 46 71 50 15 7 52 91 52 78 3 55 46 75 11 99 46 88 27 8 55 19 41 46 23 6 31 9 74 15 52 82 45 16 53 32 23 65 4 37 70 72 7 1 98 95 66 71 63 26 13 10 37 93 78 22 69 98 41 93 56 17 42 21 88 32 35 24 65 26 14 85 74 19 81 63 10 69 10 73 17 63 70 10 11 88 72 26 49 92 63 91 6 14 46 51 92 94 73 52 49 38 56 80 86 8 41 17 92 67 8 10 41 92 79 52 49 63 36 24 35 88 33 59 10 70 25 37 
40 50 58 17 22 76 50 71 70 14 30 74 63 88 98 15 46 72 98 25 4 16 16 82 27 78 4 96 49 64 0 92 45 73 82 41 70 84 79 83 80 18 39 98 77 20 36 40 15 12 39 83 64 73 54 64 63 20 82 97 97 32 36 16 46 16 37 35 33 42 38 83 50 44 12 29 83 38 94 97 14 41 94 79 62 92 86 2 31 66 80 24 83 58 39 95 48 86 2 35 24 6 45 97 57 40 13 76 89 36 24 44 73 62 86 95 93 28 22 66 93 34 22 10 89 78 60 49 
14 87 95 99 50 43 15 97 52 35 31 94 97 51 93 67 90 21 95 3 72 29 87 42 33 81 31 90 75 63 97 20 93 4 77 55 26 31 61 13 34 94 39 38 65 16 73 39 31 73 93 97 64 43 56 42 7 87 25 10 3 23 95 93 92 25 3 17 44 91 95 1 92 97 9 58 65 67 40 49 40 74 81 71 42 50 53 68 19 93 63 17 8 48 96 35 80 49 37 69 100 39 17 22 21 63 30 79 79 23 95 34 71 53 47 85 56 77 63 46 79 29 17 66 85 23 99 17 
53 36 61 87 70 87 96 18 5 70 99 96 91 61 92 40 1 48 57 73 34 85 30 15 55 28 79 38 49 97 4 3 44 6 19 23 4 63 4 50 15 52 83 74 95 11 4 51 30 14 7 5 12 87 62 77 90 42 77 40 97 53 10 58 56 74 9 25 60 47 28 64 13 13 85 32 15 73 10 30 83 80 7 33 86 43 27 18 49 96 83 34 79 67 66 30 37 38 91 83 76 86 28 36 63 28 33 100 73 29 52 65 10 8 57 55 33 37 99 87 2 30 25 54 75 57 86 6 
61 32 59 53 82 17 46 94 43 26 91 0 7 99 88 55 77 96 23 29 25 61 42 5 52 16 51 42 49 35 80 25 36 94 89 17 16 83 83 54 21 16 91 16 65 37 76 8 68 66 48 83 56 100 76 11 42 70 27 40 31 7 66 36 93 76 15 43 20 77 39 24 11 46 73 67 81 47 20 36 43 36 5 63 13 99 24 55 26 35 82 8 13 69 36 85 51 4 17 59 14 52 27 68 5 16 53 4 21 19 88 17 56 80 83 91 70 77 74 25 53 78 55 39 17 3 1 90 
5 65 16 14 50 97 75 3 77 68 94 23 25 3 71 59 98 33 53 31 21 74 6 87 76 59 95 58 48 74 70 33 39 34 72 59 84 75 51 45 45 8 82 81 75 95 73 71 69 69 19 19 47 20 22 17 27 51 55 85 86 54 100 94 53 64 8 76 8 9 31 17 13 16 92 67 41 1 7 13 82 99 67 47 33 42 0 5 45 47 99 40 24 8 60 14 18 52 20 30 58 3 17 69 87 60 36 68 63 77 37 86 44 5 33 61 91 68 60 17 51 3 8 12 54 91 46 2 
39 66 99 82 93 52 90 4 0 38 39 100 94 40 76 95 62 54 47 18 54 73 95 44 22 30 0 29 57 11 49 25 50 3 17 87 56 92 44 67 87 91 11 58 96 62 22 24 95 63 78 38 10 3 75 42 76 38 80 9 97 35 27 56 79 77 78 81 47 76 64 67 100 73 65 26 39 56 90 97 90 68 6 86 23 83 87 4 70 26 64 57 26 5 63 20 47 87 53 6 59 100 20 30 50 78 96 98 24 64 24 26 40 48 78 16 68 29 43 88 64 100 10 13 67 53 60 70 
55 38 97 41 76 5 30 98 63 2 79 28 57 63 90 59 42 40 41 37 23 33 54 39 10 36 19 14 67 39 82 76 63 42 23 33 14 31 78 74 29 50 7 20 93 35 68 2 39 16 83 79 32 39 42 33 20 84 87 2 47 9 84 21 74 68 37 19 32 10 14 74 39 25 29 56 13 45 66 49 10 78 55 53 2 43 0 95 23 38 23 77 5 47 20 85 48 90 79 23 90 13 47 52 29 50 30 30 63 27 55 74 86 60 72 22 58 13 54 25 93 42 43 68 65 31 20 93 
100 44 59 69 100 17 54 57 65 3 91 4 28 73 10 1 0 46 3 27 80 53 12 1 40 60 75 88 7 73 20 80 89 67 73 40 60 1 24 76 60 66 51 6 7 21 86 88 35 76 81 55 66 85 33 43 96 14 75 6 37 13 48 21 51 54 31 31 6 61 0 98 61 6 5 66 71 61 18 87 92 12 46 87 42 21 46 1 26 70 79 8 87 9 20 49 2 76 93 61 28 85 10 12 43 74 97 100 1 17 46 44 17 57 59 78 38 19 86 55 2 92 63 28 7 93 14 53 
7 43 81 83 6 53 76 58 10 59 95 86 55 79 83 40 27 95 5 6 68 87 71 64 3 65 31 64 97 31 21 25 12 15 71 50 64 37 77 21 23 1 21 74 69 38 93 13 86 69 59 57 24 1 15 32 25 56 11 46 69 91 39 50 21 97 18 5 38 73 59 45 40 67 3 44 17 16 3 76 61 47 75 9 62 85 1 28 96 94 47 34 33 87 79 24 1 11 99 77 77 33 65 15 76 93 34 72 37 62 9 39 79 47 89 85 34 3 93 12 37 21 99 63 5 55 72 28 
81 82 50 19 98 94 28 23 95 30 96 24 72 97 2 98 21 54 76 41 26 4 66 78 9 90 72 69 87 9 4 81 50 8 64 13 76 6 14 43 0 4 0 98 95 98 80 33 10 86 80 52 89 90 18 26 51 6 62 40 39 34 98 86 13 34 60 79 49 92 94 15 80 54 3 54 21 22 74 8 31 44 1 93 0 64 8 33 7 42 6 40 17 50 52 98 93 98 24 67 80 86 56 57 1 6 18 5 87 14 10 15 72 8 42 71 98 22 44 14 29 5 98 91 35 10 74 84 
25 46 5 68 11 3 76 81 34 4 65 91 12 92 40 34 1 22 71 30 5 95 30 94 71 64 31 77 0 38 14 45 16 76 93 81 95 73 98 53 28 62 85 54 16 37 66 69 37 30 19 86 49 100 74 52 37 43 35 25 44 11 40 12 57 12 61 86 10 59 42 85 16 84 91 33 34 23 36 87 44 61 59 63 21 77 94 94 29 62 47 37 88 49 94 40 63 4 94 18 69 29 8 23 30 8 71 57 14 47 36 99 90 29 65 14 73 68 40 94 59 90 3 57 8 65 0 92 
57 94 63 10 79 83 90 95 80 77 41 49 46 60 58 56 85 46 73 47 97 3 56 48 39 44 39 64 60 5 38 53 98 78 91 84 23 29 38 71 43 25 93 49 89 15 50 97 26 58 77 6 37 49 64 42 91 70 39 99 35 45 5 72 45 14 7 78 75 31 14 31 50 28 3 45 58 45 100 34 3 38 97 71 81 97 76 4 15 64 87 77 50 19 40 70 3 88 85 5 35 57 76 53 82 58 96 83 42 89 12 27 18 40 55 26 56 75 1 47 57 46 79 9 65 59 84 90 
30 77 9 80 42 18 92 9 82 50 45 34 64 53 75 89 18 47 91 18 24 40 14 22 73 21 50 26 24 15 36 2 3 73 40 56 4 32 50 39 68 6 78 72 52 97 97 96 25 19 19 4 2 28 30 76 11 26 12 12 98 31 59 11 6 87 61 58 84 54 92 73 48 2 42 20 2 59 27 50 36 25 55 42 66 100 84 70 79 64 30 86 43 65 55 25 60 79 99 36 28 52 28 62 20 100 48 52 68 89 81 87 49 27 1 46 74 60 78 38 11 90 72 6 46 85 5 95 
62 20 44 53 81 87 77 3 100 83 33 35 31 22 62 89 62 34 74 85 85 11 23 82 83 57 19 6 21 7 6 74 3 20 82 85 61 47 49 13 58 49 85 95 77 7 36 8 51 69 49 55 23 41 77 64 1 49 15 13 69 22 4 99 94 73 15 79 87 67 73 91 8 65 95 83 39 16 32 99 24 92 8 31 30 41 47 98 88 33 51 6 68 62 22 83 26 58 53 79 75 15 73 29 42 79 71 46 45 66 38 12 20 72 6 31 47 75 15 82 68 41 83 19 69 96 32 2 
75 22 89 44 37 7 38 10 63 90 85 27 56 37 54 29 39 35 19 36 83 1 24 61 85 68 75 21 10 41 60 2 9 10 69 82 69 91 43 68 77 36 21 5 0 73 96 92 95 60 75 72 71 99 98 43 22 0 7 41 28 68 89 51 62 48 5 88 59 11 4 90 83 98 19 87 82 73 8 30 12 6 31 94 31 55 91 75 24 50 79 71 100 14 64 79 54 62 32 20 47 67 56 94 10 82 35 85 56 41 96 44 97 16 25 74 19 45 34 87 62 34 63 3 46 81 95 19 
8 50 36 44 81 27 47 2 69 46 57 35 36 83 92 53 88 10 77 100 87 73 34 23 32 3 71 93 36 51 38 16 41 38 43 4 53 63 95 9 33 88 72 77 26 15 16 10 72 56 89 96 27 63 56 45 12 32 47 53 26 75 72 99 56 19 23 24 19 59 84 37 66 96 39 25 88 15 50 11 94 100 49 66 19 55 44 9 61 34 51 73 74 63 74 55 6 68 85 24 69 39 72 97 31 38 83 1 49 63 14 80 5 8 35 72 91 93 12 57 90 12 71 45 42 31 86 15 
6 42 20 97 12 60 10 38 57 0 82 94 3 74 80 9 44 54 23 37 50 85 4 85 54 52 88 44 1 90 50 72 53 10 36 61 0 47 70 20 31 62 50 60 29 54 24 26 81 92 46 91 80 90 64 87 42 10 7 32 83 65 56 27 44 42 66 99 22 48 30 38 43 90 71 98 93 10 46 59 91 60 32 21 22 72 76 33 56 14 72 26 77 6 2 63 18 21 94 99 50 92 88 88 100 66 58 92 1 70 72 72 3 52 74 19 96 54 0 80 0 36 88 89 49 80 33 55 
34 87 87 37 92 93 9 36 11 99 65 90 93 91 64 83 94 43 49 11 76 61 9 3 74 23 7 6 47 79 13 12 38 3 71 49 88 31 78 14 5 29 45 92 35 29 69 80 5 77 57 87 84 55 77 5 31 87 23 32 79 99 63 55 16 81 63 33 34 65 29 92 66 25 23 86 74 51 61 5 58 99 53 31 74 35 7 3 28 77 88 16 71 33 31 7 98 53 73 65 86 27 97 54 29 31 15 80 58 71 81 4 3 19 86 93 54 81 47 22 64 20 43 93 12 97 5 5 
93 86 93 59 24 61 42 93 34 66 41 42 63 91 46 26 45 54 15 80 62 65 93 64 73 6 76 18 81 13 74 31 22 98 73 90 4 87 62 63 44 24 61 94 9 35 60 3 14 96 63 1 44 31 62 38 81 10 15 58 77 45 46 84 97 27 25 45 88 1 98 59 62 54 19 18 91 77 24 78 11 49 35 100 42 88 46 65 41 82 7 31 47 3 70 32 59 38 47 5 24 35 0 49 30 40 83 96 17 61 52 1 36 68 24 81 88 25 56 72 59 48 23 14 71 87 88 70 
89 80 83 88 31 33 62 21 82 34 85 20 85 77 93 64 1 92 89 69 84 37 58 44 3 64 23 32 63 85 30 39 4 29 91 21 55 91 92 81 70 4 97 10 17 97 86 39 78 18 61 23 42 55 19 54 61 48 55 41 67 31 0 16 27 76 71 79 84 69 94 45 48 46 3 90 9 23 37 96 43 30 21 85 21 99 38 24 79 64 43 91 81 4 0 66 47 42 45 75 72 47 61 43 62 96 75 50 3 81 22 33 34 64 55 91 80 53 24 52 46 6 15 44 53 93 32 100 
96 51 81 9 43 8 54 67 87 49 78 76 58 6 63 0 48 67 99 93 92 97 98 90 10 100 71 28 26 92 66 27 3 4 57 24 21 37 45 50 50 6 49 97 7 11 46 50 8 2 14 76 86 15 75 77 95 46 32 100 17 89 71 13 66 37 97 59 91 46 63 83 37 39 82 66 24 97 90 34 96 31 91 31 58 50 94 96 8 59 91 34 96 88 54 56 35 50 60 72 2 44 53 74 77 32 86 81 93 63 93 82 82 2 30 46 6 99 91 31 85 58 72 13 47 39 89 73 
62 30 46 84 78 42 61 6 42 34 6 89 39 21 75 43 31 28 82 58 52 95 65 60 99 39 60 35 29 53 97 91 64 65 91 95 49 100 28 23 82 15 41 44 84 18 66 91 43 47 11 21 55 48 40 72 40 69 19 84 17 28 98 25 70 58 67 76 58 25 25 8 82 94 20 57 37 20 99 29 56 74 62 84 13 41 63 51 97 90 92 93 77 85 99 34 89 83 81 21 67 86 70 90 59 66 7 16 57 66 92 45 13 35 3 41 35 40 38 90 84 51 92 0 32 0 53 21 
94 52 83 31 18 25 2 79 82 46 81 73 93 99 82 36 71 65 67 49 9 3 88 52 67 27 63 78 83 59 64 44 97 38 33 47 30 57 10 93 34 43 13 44 91 87 81 75 32 86 74 69 87 37 41 80 35 50 39 40 91 59 28 13 74 98 29 87 50 45 58 63 30 94 19 10 37 35 16 14 93 57 31 97 64 72 22 72 47 90 39 94 69 97 34 51 2 62 91 83 96 1 18 17 56 8 51 48 47 11 30 13 2 78 88 7 94 60 69 80 21 44 75 64 52 15 26 17 
80 94 77 97 34 13 75 73 100 26 81 48 67 37 78 30 3 2 33 25 55 51 38 96 25 10 39 36 89 89 18 22 12 68 91 49 28 93 40 7 50 34 13 34 99 23 64 7 30 92 75 71 54 1 24 22 35 54 91 40 81 17 16 97 12 10 99 83 10 23 90 9 26 70 47 2 47 85 2 94 59 16 93 87 22 81 48 96 19 34 71 92 23 99 6 81 100 94 73 7 30 57 29 59 56 98 63 70 77 69 31 97 52 26 47 67 60 27 52 47 51 50 59 8 15 69 44 65 
37 35 58 53 24 99 3 86 1 95 85 95 5 55 2 87 78 19 19 63 92 39 4 75 26 69 47 78 4 83 27 25 86 53 37 59 72 21 61 20 3 97 41 98 48 73 23 40 2 35 49 50 12 33 27 77 96 9 67 4 75 39 5 98 69 39 17 56 47 59 77 21 29 73 75 10 9 63 19 9 67 71 23 7 40 17 61 77 60 37 25 40 13 53 47 64 1 47 90 21 52 41 93 22 67 7 35 34 11 19 7 50 59 52 57 77 20 3 7 33 78 1 31 99 77 93 57 64 
1 84 38 71 78 10 66 4 99 88 46 78 93 52 2 23 68 6 58 91 60 19 62 29 88 74 65 16 71 37 62 97 36 2 58 55 48 66 53 52 85 60 10 45 84 42 38 71 25 80 58 29 12 10 50 27 100 20 100 32 97 34 74 76 77 4 2 33 50 46 90 60 99 56 42 86 75 4 90 93 42 30 84 81 44 100 82 27 92 38 68 72 7 34 96 92 74 94 64 65 49 56 90 19 14 92 66 33 7 60 37 12 59 56 46 21 70 46 4 99 34 86 4 32 99 54 58 18 
57 82 43 96 95 27 36 28 64 50 93 81 70 41 74 27 92 70 75 84 31 39 84 47 32 6 93 8 20 21 38 73 56 38 81 73 95 0 28 10 61 36 17 57 26 45 54 48 74 28 69 38 65 93 16 5 4 6 67 35 45 87 80 57 49 65 57 86 25 23 76 56 69 98 3 81 76 15 30 7 99 90 99 44 83 52 5 79 80 56 37 81 24 17 44 34 75 12 71 58 45 30 38 3 75 64 43 99 96 72 54 6 48 70 25 88 49 11 72 77 14 50 27 17 94 41 40 68 
12 62 49 2 86 27 0 48 17 32 41 28 4 67 2 37 90 4 88 90 11 15 34 13 52 20 61 67 56 91 10 41 12 92 79 4 35 19 74 51 19 66 85 98 11 23 44 14 39 72 79 15 69 83 44 7 46 50 35 23 59 61 64 48 19 86 39 8 77 43 64 40 99 0 47 41 8 75 36 35 94 90 17 30 93 95 50 89 94 74 5 37 0 7 74 6 51 39 96 78 85 83 5 46 95 74 83 95 20 63 20 32 33 22 99 32 29 77 14 23 80 60 71 77 52 28 98 48 
59 40 42 39 59 31 19 39 80 61 88 63 75 98 38 89 82 12 64 27 85 57 23 15 65 3 41 33 85 40 18 1 40 66 42 79 43 55 89 41 100 58 69 99 19 76 26 77 7 26 6 49 98 19 51 76 51 7 91 41 5 100 42 98 99 52 66 97 5 35 97 85 20 74 39 51 43 54 8 59 100 6 74 73 13 7 39 72 11 61 45 79 75 90 70 92 21 56 10 77 89 15 69 75 36 7 47 27 1 98 22 82 85 64 96 41 61 93 55 10 57 71 19 7 10 66 90 16 
99 63 57 26 89 100 56 3 0 64 14 84 2 71 87 9 8 29 37 4 100 46 64 90 21 65 6 38 21 35 17 97 50 15 63 46 80 23 84 28 86 28 96 48 28 41 81 2 23 37 99 48 36 10 66 24 57 24 40 64 14 47 83 23 18 73 3 28 94 30 68 43 42 68 4 6 68 79 79 31 33 91 97 96 72 71 51 18 69 2 100 30 94 21 7 74 12 49 85 98 26 60 16 29 60 26 76 2 14 91 13 80 81 89 75 72 4 60 44 47 39 58 56 24 44 15 17 75 
80 50 23 48 57 17 6 89 36 30 17 55 73 0 30 70 95 6 15 8 50 13 21 34 27 80 2 69 68 57 54 30 17 98 37 5 29 79 66 45 74 60 33 73 90 55 82 9 72 20 93 96 87 51 50 92 93 30 3 17 40 33 42 35 12 88 33 64 7 10 98 45 54 58 47 1 94 1 100 0 33 44 43 52 45 59 8 32 15 8 29 29 64 51 34 73 52 16 47 51 71 91 42 91 86 78 79 5 48 61 6 3 84 62 21 60 46 61 68 60 61 28 55 65 50 87 2 71 
14 44 65 56 65 17 75 19 30 14 29 21 96 29 72 24 9 50 56 68 57 45 56 14 77 54 37 87 44 67 66 72 81 8 3 8 78 15 21 1 50 56 53 13 14 21 32 81 78 58 7 4 75 67 18 98 63 76 75 55 80 51 42 51 58 99 23 100 39 1 56 47 77 30 87 77 8 67 96 28 91 34 55 90 25 75 36 90 27 18 73 1 100 26 84 85 30 72 27 5 83 15 24 61 82 77 55 51 86 15 64 26 62 16 75 40 47 36 88 50 1 52 43 45 77 45 2 39 
94 3 60 59 90 64 32 25 48 88 78 16 37 70 74 28 1 92 72 61 84 76 58 36 59 60 42 0 98 48 20 89 95 88 1 95 16 76 94 43 30 75 2 30 57 84 86 10 96 84 26 45 22 36 90 6 73 74 40 60 91 70 94 7 2 26 48 87 50 32 40 5 86 32 67 82 13 46 64 19 47 34 26 34 44 56 24 92 93 78 26 85 81 20 6 27 72 36 9 23 18 4 18 11 48 5 22 90 95 64 66 7 20 18 2 63 60 65 18 92 92 76 100 70 89 94 98 67 
52 54 61 1 36 53 29 7 34 41 77 30 7 80 43 33 72 75 41 89 14 25 65 0 96 67 77 100 89 29 53 60 59 51 91 9 48 57 3 61 42 43 81 48 91 45 9 89 82 39 8 79 22 59 5 64 55 59 2 78 85 79 62 27 78 27 75 87 16 41 60 41 98 59 47 15 7 71 83 66 63 42 47 47 51 92 35 28 75 63 45 48 55 37 63 43 26 47 79 51 86 53 75 97 12 77 3 2 13 26 85 23 56 43 27 14 15 57 87 22 81 95 47 94 43 97 45 87 
75 60 67 25 4 37 32 38 67 6 49 34 39 71 72 97 61 40 51 62 11 23 48 1 36 60 85 52 21 27 20 31 24 22 81 67 39 29 76 36 65 48 41 8 25 47 46 96 73 6 81 25 92 77 12 83 16 6 43 72 93 54 4 44 36 78 13 61 78 25 31 100 57 12 27 100 58 40 62 99 44 54 73 31 42 77 88 91 36 82 16 30 61 8 86 30 79 55 9 69 60 81 4 38 85 80 87 13 77 31 25 38 33 28 48 41 62 55 32 11 35 100 67 34 53 62 13 22 
51 60 53 23 62 76 90 82 97 38 9 78 1 1 94 45 80 8 65 67 56 79 16 75 24 64 9 40 7 76 38 87 19 20 43 59 86 93 68 5 31 100 85 50 75 65 78 93 27 92 59 17 41 37 44 45 22 24 15 8 51 97 90 100 95 68 67 36 65 45 6 52 16 29 95 36 77 37 12 35 72 59 31 53 28 25 42 97 56 42 21 18 17 73 66 12 15 58 15 61 29 29 52 88 71 98 7 66 11 64 18 86 32 36 91 49 2 32 42 41 48 50 51 78 11 65 34 66 
38 82 59 62 39 98 30 58 63 95 69 98 42 82 22 80 76 22 20 85 66 55 23 2 56 58 78 19 93 87 7 44 45 7 85 89 71 86 33 12 36 61 37 100 60 54 58 34 68 84 94 8 76 98 86 30 80 18 70 19 81 51 33 11 78 43 29 51 1 24 88 24 62 85 79 13 94 75 32 73 6 60 40 14 66 25 27 56 60 38 58 41 34 98 81 3 86 27 21 39 13 80 68 22 74 57 79 71 44 42 70 54 40 82 26 64 2 8 23 54 22 44 18 97 51 91 30 91 
68 4 48 56 60 27 37 34 1 25 68 21 61 33 3 23 56 29 93 39 45 50 74 63 93 87 37 0 35 72 36 6 93 36 66 66 50 81 55 41 85 80 42 55 21 59 15 74 83 4 67 11 85 10 56 57 27 1 47 14 15 52 64 27 90 6 56 40 96 11 49 41 29 50 82 5 17 89 52 92 24 13 95 71 73 6 64 19 53 39 93 56 56 36 78 51 36 66 12 26 4 45 54 31 19 26 58 35 51 17 41 68 73 41 91 85 21 42 34 41 71 82 7 6 24 70 30 5 
98 86 87 71 66 47 30 4 37 29 45 88 89 9 58 44 17 85 51 51 72 58 86 29 28 71 49 22 47 91 40 92 29 62 77 75 98 41 16 64 88 91 41 87 39 45 54 50 38 36 24 97 64 46 62 35 74 69 67 54 25 70 70 69 32 100 21 25 54 43 14 72 71 98 95 40 47 43 8 69 31 48 56 1 52 85 2 61 90 54 5 94 43 61 26 47 96 46 90 65 10 73 62 22 76 40 63 20 95 32 84 5 36 94 77 13 74 79 38 86 18 82 14 43 19 34 88 24 
64 76 33 35 96 19 40 89 19 14 29 68 7 87 34 70 81 78 82 85 58 39 72 7 36 56 29 38 49 41 36 0 29 84 79 84 18 41 36 12 45 98 61 33 45 79 49 31 20 74 55 67 30 29 20 95 72 94 59 28 13 9 54 5 86 54 3 55 76 83 79 66 43 74 79 14 72 85 80 25 19 26 71 5 70 81 50 95 66 30 64 64 89 51 54 99 2 80 75 27 66 49 34 100 89 94 27 90 25 39 10 61 32 52 27 75 20 63 50 93 18 18 11 2 9 27 62 81 
49 61 74 85 36 35 49 59 77 26 73 64 89 61 2 7 12 37 31 25 6 86 81 34 69 69 89 12 7 17 19 19 82 77 69 36 74 11 69 15 60 89 1 98 80 53 47 66 49 3 57 43 40 49 45 20 49 32 51 36 23 23 57 22 85 59 1 55 20 35 9 51 18 97 75 46 21 3 73 49 76 81 9 79 32 85 3 72 81 16 9 52 4 37 33 38 55 95 97 83 36 43 27 21 55 43 55 48 75 93 87 73 23 53 65 47 96 82 59 46 67 39 71 25 90 65 35 86 
93 90 56 31 66 0 12 77 20 86 28 96 47 56 31 71 62 98 82 8 30 64 50 32 47 54 94 48 29 60 46 59 24 8 96 31 80 24 78 44 30 62 64 96 39 14 52 62 77 58 30 73 56 48 76 20 49 80 26 83 30 48 28 10 80 84 36 89 66 78 52 65 99 94 76 80 43 32 58 1 15 96 98 75 98 64 86 60 35 68 62 34 18 44 4 80 11 84 32 9 4 56 35 72 50 42 88 70 69 3 96 34 65 64 64 54 64 50 78 74 9 70 74 34 67 18 88 0 
43 90 35 82 97 99 20 27 32 82 69 9 72 46 6 59 28 90 39 82 99 57 64 18 57 16 13 51 32 9 22 23 76 74 13 84 51 95 92 77 54 56 49 47 80 81 0 22 67 54 77 86 11 71 42 32 43 10 62 47 28 37 28 9 91 57 55 4 70 64 42 47 26 0 8 77 90 73 24 9 96 18 17 70 55 79 89 74 99 4 77 49 70 57 94 44 95 28 89 0 21 43 85 17 64 88 67 23 51 41 62 30 21 22 39 74 45 97 81 0 69 69 19 45 65 13 2 62 
43 54 17 70 39 11 54 37 81 4 85 4 10 59 4 19 50 22 5 28 19 41 36 60 31 40 41 5 32 67 16 13 80 33 15 6 75 71 58 91 56 54 73 91 14 93 100 48 39 100 63 18 40 72 96 24 9 20 79 49 59 7 80 48 31 96 85 14 89 18 8 55 94 64 32 75 86 79 86 37 50 92 39 44 79 58 96 18 97 35 57 83 90 73 82 20 21 14 15 55 77 75 100 51 42 60 75 11 100 3 18 18 18 32 45 34 61 61 34 32 63 26 15 7 54 47 6 32 
14 61 71 72 88 64 29 63 94 8 84 68 87 65 25 8 35 37 7 100 6 49 76 62 3 34 12 37 8 41 51 8 33 63 52 28 30 28 80 57 47 48 50 80 64 43 15 70 8 61 49 2 56 38 94 90 2 14 43 32 44 53 77 81 34 33 100 86 22 84 38 33 42 11 40 26 67 29 73 90 9 1 53 60 10 94 90 48 19 92 42 6 32 55 5 65 16 29 5 6 38 44 10 21 20 92 38 50 73 41 51 30 10 1 3 66 44 50 8 58 21 58 6 24 64 23 11 18 
29 16 38 3 8 89 82 89 51 68 45 83 33 94 36 38 87 58 24 34 33 81 61 12 25 75 50 53 83 84 40 94 53 12 58 71 3 46 95 32 41 21 9 13 95 94 14 3 22 82 58 21 33 99 81 74 83 43 67 33 23 36 0 93 34 32 54 41 69 85 27 51 38 65 39 53 13 16 96 2 79 18 44 73 29 18 51 42 3 53 5 93 21 60 83 45 68 79 42 53 21 47 27 83 8 55 75 81 99 100 70 37 38 42 58 61 56 61 84 64 15 19 65 17 53 8 48 61 
48 86 15 100 43 5 62 56 100 8 9 60 44 79 76 42 85 76 91 66 41 13 86 79 72 6 45 67 94 55 74 54 1 6 69 26 15 95 50 81 46 78 73 53 94 11 90 25 40 4 73 54 21 67 48 49 58 20 89 59 60 69 26 49 34 50 91 48 45 13 38 76 30 6 75 41 58 33 4 44 19 44 53 82 33 87 44 67 52 72 2 81 68 70 18 33 38 76 81 86 58 13 56 62 75 92 94 95 62 19 68 71 8 46 75 46 10 28 22 33 42 50 41 49 56 27 40 25 
76 12 81 89 74 28 100 46 31 20 49 97 34 74 20 100 77 0 45 48 53 93 16 73 6 18 65 31 54 89 92 34 87 62 31 78 13 88 88 54 17 12 37 59 82 53 76 25 21 1 35 80 71 47 18 7 10 4 85 63 22 2 12 95 52 74 66 34 31 29 17 22 15 50 91 53 36 19 68 74 51 18 79 68 73 89 23 61 50 76 1 17 90 17 3 73 70 38 11 36 11 65 76 58 64 24 47 91 42 33 68 19 56 52 89 90 71 91 72 55 72 44 61 61 80 9 34 43 
60 60 38 19 12 80 74 20 53 56 80 74 85 70 17 60 33 72 8 39 62 92 93 27 20 24 84 48 0 66 68 74 75 64 80 72 78 64 100 14 57 0 25 44 75 40 26 1 0 68 84 61 6 8 0 31 87 4 44 26 35 76 13 23 80 4 28 93 60 80 53 52 57 8 62 100 55 74 93 0 31 98 94 33 34 82 48 39 10 42 10 88 49 84 28 37 20 32 62 93 94 38 12 18 99 25 32 52 91 60 70 3 91 48 28 92 64 60 92 97 36 90 12 54 23 54 80 35 
72 93 69 46 1 81 81 67 57 77 81 6 59 9 79 74 11 59 85 69 33 15 53 61 26 39 21 4 45 85 31 73 43 33 27 77 28 57 3 6 83 35 61 42 37 49 15 49 4 59 63 75 50 89 37 57 90 82 73 86 49 57 45 27 80 35 93 35 63 61 43 12 3 23 19 6 23 93 55 64 5 57 23 5 4 13 73 97 90 35 49 26 23 35 61 93 19 7 24 35 8 41 55 80 27 28 71 34 97 77 19 63 32 51 12 87 76 75 57 34 73 75 49 98 39 1 33 95 
27 44 87 77 18 57 78 49 24 26 21 6 81 79 80 33 31 42 63 55 62 7 12 78 81 76 5 66 67 55 54 97 8 16 41 5 36 29 50 68 62 8 45 8 57 57 20 58 42 38 65 26 16 25 82 88 75 66 65 18 83 59 6 82 43 8 27 83 88 51 44 97 94 4 55 54 61 15 82 35 2 62 93 43 4 37 86 35 27 28 5 14 58 17 82 58 41 66 89 8 38 20 56 35 60 21 35 80 67 87 80 8 9 78 99 3 64 6 44 58 81 76 17 96 89 75 22 51 
51 64 70 51 78 43 34 7 30 26 67 58 69 13 42 77 58 74 33 63 60 27 76 74 37 48 69 0 63 73 10 77 42 38 75 87 18 54 26 49 38 28 75 20 91 67 65 34 11 20 31 13 16 9 84 28 17 36 53 80 21 37 44 22 11 36 77 77 14 91 96 71 78 68 69 6 7 89 12 83 36 34 71 91 50 85 38 96 33 44 41 90 35 52 32 56 9 34 15 33 6 41 44 56 36 62 61 82 65 57 32 62 17 84 21 65 46 47 32 10 63 38 13 76 18 35 68 28 
19 84 52 12 66 64 42 34 12 26 8 81 83 22 84 22 90 4 32 64 87 15 5 85 3 26 14 55 49 55 27 48 40 92 12 18 3 89 35 66 92 88 62 3 34 9 59 29 11 8 38 72 82 92 13 59 57 98 86 8 53 95 81 51 73 68 2 0 89 19 17 26 84 48 90 69 77 52 1 24 84 98 54 80 20 5 39 43 100 0 62 25 21 97 81 87 73 94 94 100 70 33 23 38 98 40 29 43 93 35 59 7 99 18 6 82 66 83 83 73 97 57 8 85 97 81 79 48 
