32 32
13 29 9 40 64 46 10 16 58 61 93 31 91 94 82 18 22 55 55 56 10 16 44 59 25 19 65 43 45 14 80 15 
1 63 87 92 7 59 75 77 72 25 73 39 76 43 35 29 6 9 33 80 17 55 67 28 75 1 17 81 72 55 87 10 
29 14 52 0 65 44 72 25 2 0 92 27 0 66 46 69 38 68 72 64 51 100 0 44 63 82 16 29 46 44 22 96 
97 42 82 2 76 75 55 26 61 43 79 42 42 90 20 39 76 74 80 98 4 41 21 75 48 77 73 58 92 20 30 48 
49 73 71 15 71 88 48 0 25 26 76 71 17 45 3 35 4 77 45 75 13 20 58 17 52 70 24 11 87 41 15 50 
92 64 90 14 71 32 50 100 59 34 76 15 96 20 16 100 49 2 56 88 97 98 0 91 32 6 86 1 8 88 36 51 
58 81 13 70 57 51 55 20 23 89 81 15 90 69 59 66 11 21 89 68 21 67 29 57 8 61 61 37 16 33 93 3 
25 52 46 97 31 87 3 42 0 72 6 88 84 31 65 68 39 53 11 4 78 86 74 18 42 27 27 43 81 22 6 58 
17 23 35 70 62 22 30 89 35 23 87 19 85 0 50 38 69 92 30 25 61 37 89 73 21 90 50 58 72 17 95 34 
1 9 11 12 81 43 55 94 89 27 99 43 42 65 61 27 18 43 67 6 79 25 89 61 70 23 27 77 46 3 63 42 
33 82 80 86 39 78 26 78 89 86 2 33 68 4 20 35 100 82 16 80 13 98 62 3 28 60 18 9 14 60 40 36 
98 79 85 63 99 84 54 88 49 6 94 15 43 77 39 20 87 71 45 57 23 16 10 89 58 6 40 75 11 9 57 59 
88 6 32 68 62 77 19 12 5 21 11 68 46 94 20 2 37 50 56 78 78 57 45 51 74 35 69 82 24 34 76 53 
72 76 82 92 5 52 60 21 84 86 70 3 52 10 10 98 57 92 100 66 47 96 40 42 61 32 90 25 30 28 0 51 
48 49 41 76 19 49 35 97 44 15 33 41 78 81 7 4 43 39 1 0 51 51 3 62 77 63 73 1 86 57 9 65 
72 83 87 24 80 62 26 58 58 83 21 91 97 16 32 37 83 31 19 68 40 66 58 71 29 65 63 95 35 56 48 84 
30 66 6 1 27 41 27 39 15 70 94 90 56 95 7 12 14 4 46 45 43 65 93 100 28 12 86 76 72 77 83 30 
89 55 73 10 19 79 53 75 16 57 95 59 8 77 5 32 97 67 31 0 5 77 37 36 3 77 99 93 10 67 73 14 
93 54 88 36 61 12 64 21 2 14 50 25 96 70 20 34 43 68 54 6 95 56 10 8 59 36 14 37 18 60 16 36 
5 16 48 74 56 43 81 70 37 5 17 84 14 4 38 96 15 30 28 100 66 59 79 53 48 79 91 86 22 52 86 2 
53 17 53 11 51 36 76 12 37 90 88 33 33 9 81 36 93 99 99 87 37 36 84 45 82 68 80 87 83 75 21 72 
94 32 24 96 75 42 86 90 51 52 2 47 96 34 58 65 66 84 98 64 89 92 26 13 88 80 80 37 28 42 32 13 
88 11 95 18 25 41 57 66 39 1 39 37 58 47 45 61 28 47 87 72 37 43 61 95 0 39 75 21 72 29 39 31 
24 5 57 38 36 46 76 79 95 97 99 45 11 34 8 78 99 52 30 95 41 63 81 21 5 8 22 48 10 5 81 53 
14 20 80 13 29 89 5 74 46 10 20 42 64 47 15 42 69 21 89 68 18 62 22 24 72 7 15 55 63 62 36 39 
17 7 29 82 1 83 13 42 37 81 73 9 90 97 91 56 57 77 35 72 11 49 19 33 82 47 93 85 82 63 45 74 
57 26 66 34 11 26 38 2 45 84 62 21 94 98 22 32 79 60 4 88 21 90 42 71 88 38 52 63 76 16 8 8 
84 47 47 45 7 34 54 52 21 22 82 61 55 23 89 39 38 29 11 17 11 32 76 95 26 100 100 41 63 67 59 31 
56 72 24 26 22 1 89 90 49 25 57 36 76 56 20 59 46 82 22 12 58 25 71 83 32 67 35 68 34 100 66 47 
62 4 8 16 25 94 32 31 8 94 0 65 26 54 78 89 24 78 8 98 75 62 82 82 29 42 58 71 8 24 22 51 
30 9 87 60 71 17 89 49 16 83 75 61 90 23 93 37 84 49 63 56 83 67 57 10 41 5 99 3 36 63 81 51 
93 28 78 39 75 65 7 93 79 52 94 70 24 33 85 3 51 28 32 87 55 11 73 12 20 44 10 78 16 97 17 31 
