256 128
76 77 27 6 76 42 34 91 13 37 47 89 27 24 26 84 74 31 5 82 10 14 38 44 94 9 69 93 59 78 20 99 77 7 91 48 28 52 54 79 3 17 21 53 75 36 74 75 39 1 87 92 40 16 42 44 22 97 65 55 9 16 56 32 34 61 87 62 74 60 92 7 25 75 29 3 51 94 32 96 38 19 51 34 90 16 62 28 90 65 97 41 31 100 94 24 74 85 67 30 70 10 96 79 41 51 89 3 83 0 58 11 49 91 77 28 42 10 32 68 46 21 11 91 23 22 82 6 
13 42 93 48 95 33 92 81 94 94 85 77 86 81 98 42 95 54 61 56 43 77 26 56 79 84 91 1 64 19 40 69 66 26 39 24 17 19 12 81 8 28 43 17 60 67 100 89 56 68 95 82 87 39 34 54 59 74 9 67 52 25 80 18 41 10 89 46 87 69 2 91 90 84 21 99 68 25 92 24 47 32 55 28 89 93 66 36 9 88 83 95 62 93 66 44 99 42 27 2 21 33 94 39 94 88 19 23 18 29 28 15 76 20 17 42 17 9 78 74 33 72 25 11 56 97 88 30 
65 64 9 8 19 71 74 77 14 8 7 17 90 75 88 30 85 30 49 54 91 61 86 36 97 86 61 55 90 57 24 9 8 42 35 100 65 91 44 29 42 64 93 45 98 91 54 49 30 32 71 54 25 53 88 22 61 4 95 47 56 33 6 92 93 20 25 18 95 33 42 7 88 46 3 91 68 1 18 22 79 18 83 44 91 27 20 64 15 0 37 55 82 97 2 42 35 86 15 32 1 27 70 71 46 70 85 19 46 17 66 77 92 76 61 38 99 33 90 18 59 40 43 55 6 65 58 52 
39 0 18 71 46 34 82 99 14 8 22 28 49 92 16 96 69 4 66 29 6 56 76 40 57 26 52 52 63 26 34 63 16 6 14 75 46 48 38 79 0 0 92 30 61 38 26 63 46 94 90 97 62 24 56 54 39 36 88 72 43 32 22 58 55 98 38 19 86 84 48 97 66 82 54 22 67 30 18 76 19 8 86 3 78 30 72 24 17 70 4 40 51 72 98 70 51 80 16 23 10 2 84 29 8 28 66 94 99 30 34 49 56 4 44 51 20 48 0 54 61 90 86 92 59 40 50 48 
23 63 89 73 36 97 95 99 100 59 79 74 31 11 75 26 25 75 95 95 14 41 89 32 11 83 45 54 53 33 15 75 32 91 39 85 6 75 71 99 58 31 93 76 59 9 49 13 4 27 85 59 50 19 35 12 35 17 27 20 63 3 33 48 43 75 97 57 20 9 55 41 98 77 19 92 45 39 25 88 75 65 49 41 4 33 39 26 9 11 13 72 53 71 77 70 29 19 7 45 54 65 61 25 8 5 77 28 73 47 3 7 40 97 87 3 6 53 45 100 11 85 91 92 41 63 49 36 
94 72 33 19 60 11 90 24 35 2 9 46 23 45 34 45 56 52 39 33 8 65 38 17 90 70 23 20 27 15 18 82 69 16 67 15 2 71 50 34 55 6 39 64 21 65 24 48 63 20 65 61 100 29 92 95 12 74 17 50 1 87 44 87 68 28 17 37 60 65 82 12 31 40 5 38 35 31 6 3 26 90 9 83 22 71 86 97 58 26 19 6 11 55 70 61 0 78 11 7 8 63 14 16 67 72 3 72 35 95 54 88 77 36 91 13 94 5 12 95 4 96 45 50 95 59 84 99 
76 8 85 41 26 25 10 82 73 44 27 30 17 49 32 55 96 96 47 91 70 95 0 33 30 56 81 20 43 15 46 36 45 4 99 21 60 37 70 2 15 8 43 58 77 61 94 50 67 0 9 75 58 91 82 73 64 6 27 62 51 97 92 63 50 64 97 11 50 51 0 38 21 30 7 68 9 27 72 97 44 74 93 93 2 91 0 73 62 76 67 34 97 99 66 63 26 46 15 41 48 55 50 42 33 12 65 62 53 47 14 24 93 24 87 95 24 39 50 41 32 58 59 50 67 5 22 87 
84 10 54 22 26 81 37 77 32 11 17 52 100 50 92 75 54 80 74 0 62 93 99 2 15 51 51 10 18 8 50 48 9 74 74 72 94 91 63 53 42 67 21 34 86 84 68 8 11 42 70 50 20 27 29 86 47 95 73 2 12 58 40 61 76 80 76 24 30 77 21 29 24 81 49 34 6 86 58 29 48 18 40 24 12 41 79 70 77 23 81 46 14 16 54 39 52 4 50 24 82 21 87 25 68 69 55 52 4 94 22 50 69 66 28 96 40 33 77 82 23 87 21 12 84 46 84 65 
86 1 53 61 25 70 84 11 18 48 26 29 9 99 11 81 100 45 55 11 27 50 70 82 1 42 38 27 55 49 5 78 99 9 79 77 5 80 34 79 26 48 38 73 5 35 9 56 61 61 1 43 15 68 38 100 69 70 44 59 63 73 25 61 34 71 89 83 49 94 98 45 74 18 74 47 63 73 25 79 32 43 25 83 1 20 40 48 15 36 48 91 71 9 61 69 62 45 87 83 29 18 6 85 40 66 58 15 67 5 91 88 7 97 67 83 81 54 80 16 79 8 92 29 43 33 29 71 
73 70 33 15 54 81 92 63 68 18 5 62 27 7 70 92 73 72 23 41 22 43 52 32 47 42 79 38 49 45 24 41 26 80 15 31 70 73 78 15 80 78 73 10 83 59 62 81 72 90 73 13 20 87 16 80 63 38 33 8 47 75 30 12 27 52 13 9 70 55 100 69 4 50 61 26 93 37 12 62 51 30 45 69 60 91 4 54 1 26 49 30 85 89 54 12 11 22 55 9 38 79 40 13 28 100 95 10 49 77 12 41 32 82 31 45 6 95 98 8 77 68 45 64 45 87 86 92 
51 100 1 41 24 79 80 65 74 88 19 72 75 7 70 0 21 14 23 43 28 33 24 80 3 76 77 64 39 41 60 3 86 30 53 89 94 43 70 45 8 60 3 16 93 95 100 15 74 22 49 71 36 79 6 48 47 92 35 82 49 39 76 76 11 58 25 15 10 73 44 71 82 44 43 30 7 15 78 34 31 68 33 71 80 97 6 20 39 92 47 44 43 5 50 90 35 72 21 79 32 57 90 23 60 86 37 86 35 31 70 97 54 12 51 27 80 45 38 24 79 4 13 62 87 7 92 20 
94 59 65 95 8 19 45 90 7 61 67 24 81 5 69 55 14 31 35 13 42 85 71 77 28 5 7 8 43 23 99 62 61 89 81 15 14 47 79 2 51 93 81 100 21 45 57 88 3 55 89 37 68 37 85 37 92 13 73 66 39 23 61 77 92 75 57 81 50 63 57 40 65 63 37 78 61 51 61 63 0 25 41 1 78 67 61 89 4 81 21 22 85 27 59 33 82 55 97 33 70 35 3 48 83 7 35 14 29 99 75 76 53 5 59 89 28 41 99 21 44 93 23 62 39 27 5 81 
50 58 12 83 52 68 36 62 13 32 64 60 3 84 24 13 46 8 10 11 80 82 10 23 90 54 42 96 97 82 50 28 53 40 70 5 100 80 32 90 53 74 76 100 75 50 66 18 51 38 22 57 54 74 10 69 34 74 28 26 37 62 6 35 56 16 48 27 76 88 28 64 81 82 72 90 13 44 70 23 84 52 54 59 72 68 100 95 18 44 4 66 83 92 12 25 72 22 80 55 64 10 62 80 73 2 62 2 67 14 88 74 49 48 58 23 40 98 14 17 84 52 86 98 25 54 28 91 
56 20 25 50 79 11 32 28 91 34 35 93 16 53 98 75 52 64 83 50 45 65 70 59 100 68 51 79 24 47 12 12 53 34 89 10 63 3 58 58 69 18 41 93 48 17 94 68 71 12 25 78 85 19 50 51 64 62 17 61 26 81 36 83 62 80 85 50 51 85 12 96 79 80 65 99 90 15 30 37 32 82 73 10 43 37 52 27 50 80 5 27 58 35 52 27 78 24 77 72 11 1 64 52 47 78 47 43 20 1 62 74 53 70 55 28 59 97 40 47 88 50 27 81 60 77 14 79 
84 12 21 36 87 59 14 14 15 86 45 83 62 27 40 23 48 88 47 22 5 69 6 91 58 54 89 39 8 5 84 34 55 76 17 2 63 11 18 78 99 94 87 3 8 55 98 76 51 38 13 70 41 41 58 15 96 2 79 1 78 49 10 17 92 4 1 20 63 79 28 50 97 44 3 65 84 17 2 89 26 70 21 84 63 19 64 45 16 32 19 51 2 73 40 75 54 58 57 70 55 91 32 36 19 84 89 17 54 81 84 70 55 58 47 58 75 61 76 11 32 52 73 21 8 13 42 53 
65 33 37 46 56 4 16 34 62 39 7 15 99 72 46 21 40 56 70 1 5 95 95 98 50 72 46 64 14 1 15 37 80 33 93 74 98 26 72 72 78 51 93 23 85 82 86 44 49 34 100 15 61 79 41 58 70 16 4 68 60 21 89 54 49 29 53 82 22 54 86 6 26 25 45 21 7 36 60 19 50 74 0 73 55 75 73 74 80 46 92 24 16 41 45 4 11 41 89 92 96 26 22 12 88 1 5 9 7 30 100 58 7 6 20 5 75 87 15 38 82 14 2 66 60 23 17 74 
99 52 70 27 49 11 53 77 39 88 66 54 40 75 15 77 72 63 63 74 40 60 86 49 99 63 43 73 75 100 88 57 82 10 40 55 19 99 71 13 1 68 2 38 20 91 81 66 49 75 65 90 26 42 100 89 45 9 11 9 15 96 40 8 23 10 22 19 1 97 17 63 23 40 56 96 22 1 15 9 16 45 53 22 70 66 24 79 47 3 75 1 61 76 20 42 59 20 8 19 67 17 55 11 3 42 60 60 78 23 77 88 7 33 55 54 34 64 30 37 87 95 9 33 39 94 44 48 
79 2 81 56 69 67 44 48 31 86 67 55 24 69 12 58 85 26 43 74 25 33 42 51 88 96 93 41 50 91 100 79 38 46 17 76 51 7 24 100 51 52 73 59 70 93 50 99 56 74 89 64 45 33 32 81 86 40 69 97 76 51 60 58 15 24 85 34 9 3 32 84 21 92 77 65 12 63 26 30 23 66 45 8 7 99 4 3 58 10 37 85 92 67 6 58 49 22 17 84 35 51 28 88 95 50 29 25 54 11 6 93 92 64 43 20 73 1 10 35 70 16 51 65 58 15 50 10 
19 38 93 94 37 61 48 48 33 72 57 31 72 81 92 20 95 14 75 38 19 59 2 63 0 98 31 57 32 3 26 51 48 68 21 18 99 41 84 38 81 86 3 83 26 81 72 25 42 34 69 18 99 15 72 27 18 36 51 25 2 63 42 54 35 8 53 20 49 7 64 12 5 56 7 77 94 31 16 42 45 4 33 28 57 39 48 55 88 84 27 33 96 55 26 36 57 94 57 18 97 91 26 50 33 16 39 81 68 63 64 87 4 64 39 90 41 23 24 31 38 16 41 85 40 93 44 56 
87 26 26 45 72 56 76 54 63 64 6 78 11 22 66 46 19 50 54 83 86 28 22 81 44 66 18 54 57 78 18 37 68 92 16 17 90 54 6 18 77 2 98 98 83 98 80 21 96 98 66 63 66 44 14 7 30 70 66 20 97 74 12 58 37 30 46 47 84 72 74 60 27 36 6 88 89 24 58 70 81 72 50 45 70 30 80 37 30 56 86 100 13 70 12 50 41 90 94 73 24 62 38 76 99 64 6 78 73 20 44 55 2 16 48 67 82 90 90 55 28 52 48 64 81 26 30 50 
65 81 15 95 96 11 21 44 55 37 13 86 91 35 55 20 3 61 23 85 54 91 31 49 4 81 59 78 59 39 49 65 24 85 69 59 64 67 55 84 15 77 39 14 53 3 91 3 48 17 89 61 42 85 45 33 12 75 89 26 5 41 95 18 37 3 59 25 4 43 97 70 93 59 9 44 7 65 87 48 81 83 41 83 50 43 65 53 100 93 35 28 79 81 93 90 35 65 69 31 12 11 59 48 75 87 63 12 55 77 69 49 54 61 55 21 78 95 3 73 4 91 61 52 87 81 63 46 
54 94 95 97 16 5 8 53 18 60 55 26 41 67 60 47 46 16 43 47 52 19 72 68 39 92 33 28 43 57 94 52 71 86 21 13 98 41 96 73 64 12 53 88 29 87 12 94 69 10 87 87 82 75 50 98 31 22 63 84 3 57 100 45 96 38 79 43 12 15 64 89 8 54 23 96 1 89 68 1 100 58 19 73 84 33 38 16 85 56 49 36 49 61 0 99 30 8 61 73 4 23 36 77 16 74 65 84 49 41 2 60 15 24 97 83 96 63 20 12 13 44 3 34 97 67 58 89 
22 98 11 27 76 47 12 27 48 88 9 14 35 71 62 81 68 46 13 1 98 81 64 38 69 62 71 2 73 57 100 40 39 76 73 63 100 19 86 31 4 66 43 14 27 11 4 88 93 48 7 49 72 21 40 12 13 40 57 22 13 71 24 77 48 82 71 85 88 57 8 89 8 36 45 34 33 53 88 11 20 98 19 73 28 49 40 4 83 76 67 50 31 25 40 93 80 76 25 41 8 33 14 25 18 26 3 22 91 93 68 8 87 44 61 1 18 41 96 28 87 78 89 80 17 15 22 63 
51 39 75 77 39 90 32 63 94 54 84 31 49 21 91 24 49 21 65 87 89 56 38 36 85 78 40 85 75 9 5 69 76 93 93 25 69 28 52 75 54 66 12 51 85 5 61 13 60 63 23 19 57 80 72 4 65 0 78 71 15 35 25 86 51 91 27 59 23 82 0 21 74 28 88 13 55 31 57 50 59 89 43 67 23 84 90 44 57 24 50 77 51 75 49 60 95 83 61 23 7 6 96 61 58 30 70 29 79 23 45 81 94 17 73 11 71 66 44 72 1 56 98 75 63 59 63 80 
47 44 32 40 42 21 93 1 54 77 45 12 30 64 58 98 93 44 20 66 40 79 39 8 19 93 71 74 14 62 100 43 86 0 50 62 34 37 41 61 78 85 37 76 42 6 50 83 14 46 52 0 66 35 9 80 3 89 65 14 2 36 28 16 83 42 100 100 2 63 69 59 18 75 13 66 74 14 94 60 17 14 52 30 56 37 1 44 53 49 1 50 90 4 88 72 45 32 52 82 100 41 15 47 14 19 59 34 56 12 84 93 84 26 80 96 12 39 3 50 85 77 37 56 96 46 48 78 
19 78 11 25 32 27 64 22 79 56 63 68 79 9 78 10 27 76 29 75 72 85 60 25 4 10 93 30 27 83 60 83 4 72 9 81 42 43 36 30 83 26 11 80 41 77 60 43 20 12 83 59 94 73 94 73 24 54 87 100 41 37 2 84 63 78 47 27 14 61 16 34 59 32 91 54 75 51 70 18 37 28 43 11 8 29 30 69 52 54 75 50 11 43 22 56 85 30 61 23 50 85 82 64 43 52 57 84 15 55 4 63 72 66 17 51 0 33 88 37 8 44 87 26 23 13 74 4 
25 26 35 73 30 91 94 60 89 74 57 64 9 13 98 12 87 80 53 21 64 11 42 95 30 62 7 28 11 67 62 13 12 60 5 71 84 97 48 94 11 8 37 32 49 75 74 5 54 12 47 7 26 73 2 17 38 64 53 88 39 13 2 58 53 22 35 9 100 11 22 68 33 54 49 78 89 89 32 22 9 22 95 77 68 15 70 79 52 42 73 72 61 65 24 62 49 96 97 45 6 51 96 72 61 76 67 46 73 29 46 23 6 66 89 13 26 63 60 45 58 54 5 32 53 65 56 42 
92 77 79 35 34 61 7 67 58 79 87 74 75 59 35 13 6 5 61 43 30 55 5 10 95 55 37 24 65 77 37 16 83 25 53 93 16 53 33 23 10 63 39 56 15 11 71 60 31 93 47 21 6 35 47 42 59 97 15 78 69 73 83 99 56 21 67 31 90 43 87 33 72 29 63 36 89 37 67 49 8 75 7 31 46 29 71 54 25 59 15 10 31 21 21 35 54 9 89 55 22 53 37 25 80 73 61 16 75 53 45 28 87 15 25 31 26 79 55 24 63 15 75 98 13 33 43 7 
88 50 48 69 18 98 56 51 6 24 64 36 9 36 68 87 98 28 20 37 32 18 58 16 17 42 36 86 23 86 44 98 11 8 70 43 52 92 48 71 50 60 36 14 37 52 94 36 9 82 8 55 8 28 30 64 89 6 90 70 11 100 82 93 56 40 8 49 10 78 56 91 16 68 48 46 71 0 44 41 90 10 98 41 92 18 66 12 71 22 14 98 47 28 68 11 44 82 46 1 0 60 56 7 38 10 38 42 51 82 84 4 39 8 94 17 22 54 94 80 95 48 52 42 87 66 84 21 
40 86 23 32 9 51 42 5 84 58 37 89 52 11 8 5 0 56 61 12 55 31 62 70 33 16 13 45 18 69 6 70 87 70 19 88 29 89 72 73 70 16 27 21 46 85 74 6 69 64 15 18 23 41 56 34 11 76 15 91 34 15 76 97 74 100 39 88 17 31 2 95 56 86 31 87 38 55 4 87 42 62 51 38 61 63 6 58 1 86 71 17 78 19 6 93 28 80 95 54 81 3 56 3 24 40 25 55 4 55 20 26 51 96 5 22 85 59 72 0 81 94 73 3 38 71 12 63 
54 54 19 8 1 25 72 97 74 24 87 77 66 69 40 45 68 66 93 20 43 43 88 98 67 6 87 63 36 87 82 84 19 46 23 22 17 21 42 5 80 48 57 45 8 5 60 50 57 72 95 74 19 19 96 32 19 96 13 11 100 95 28 19 30 92 79 6 5 83 62 19 100 24 93 31 8 99 68 23 34 4 11 8 17 93 58 4 29 72 25 35 8 27 62 61 8 44 67 56 81 85 12 79 64 16 51 35 28 7 58 28 31 88 17 80 9 91 26 60 95 62 51 71 30 67 64 43 
64 8 4 23 25 51 59 20 68 70 32 4 58 13 41 36 40 14 72 85 63 41 97 91 53 0 52 60 40 59 25 15 12 79 15 20 92 60 64 43 31 37 99 41 45 60 52 2 96 55 63 98 68 20 14 32 64 11 99 43 27 8 34 11 28 12 42 19 87 29 63 44 98 66 70 98 66 15 27 28 84 32 42 51 81 69 51 39 83 68 66 44 34 83 79 38 37 15 23 36 30 28 10 57 23 95 65 39 25 22 22 86 100 39 9 14 98 74 6 78 46 83 57 35 41 50 66 61 
50 97 3 34 24 92 52 71 41 73 47 33 23 22 80 35 63 17 81 66 46 76 50 0 56 65 95 3 21 4 0 31 20 54 56 45 89 69 37 72 2 68 34 68 78 9 91 47 43 98 32 59 67 5 37 7 95 2 34 6 10 13 11 1 18 77 83 96 66 4 6 5 17 91 49 11 29 18 72 35 85 59 15 14 2 70 28 26 50 37 5 91 63 38 46 48 33 30 30 85 29 7 85 28 24 96 26 2 94 81 59 27 9 20 60 21 33 67 91 15 9 34 10 48 62 69 93 5 
73 46 87 94 23 81 74 79 82 6 21 85 48 51 48 49 32 58 69 48 13 27 80 34 19 12 17 19 86 53 50 61 100 50 63 24 61 25 70 37 72 66 23 5 4 51 82 66 63 2 35 36 97 19 22 32 11 90 39 95 50 81 12 18 69 6 47 74 47 91 78 47 68 34 11 79 54 85 40 11 54 76 87 52 35 17 48 50 75 30 47 47 16 41 38 78 49 48 19 48 35 1 12 99 42 32 55 7 96 17 2 90 45 80 33 18 79 43 94 68 23 14 21 23 86 73 4 62 
81 14 75 94 75 99 84 13 8 22 11 65 2 11 84 5 86 2 5 38 25 17 54 46 33 48 49 87 66 57 16 13 36 0 47 18 51 31 88 25 30 6 57 1 92 87 96 6 5 8 87 82 33 81 10 96 65 88 61 43 92 47 98 2 21 44 19 52 75 57 36 83 90 62 29 63 24 89 62 97 50 16 19 80 83 97 38 96 95 98 9 79 88 69 40 94 23 20 75 22 31 25 62 35 42 94 57 23 2 85 54 62 95 18 33 66 19 85 14 46 35 80 43 99 84 31 72 100 
29 30 22 43 90 76 14 29 12 68 82 60 11 24 26 83 16 44 92 61 34 22 62 66 39 28 8 68 3 78 42 87 72 54 34 43 50 64 24 61 82 12 26 18 29 92 8 8 5 20 84 89 88 64 82 26 19 8 68 76 69 92 20 52 83 80 30 93 10 8 34 13 68 46 48 20 67 8 18 53 52 8 32 59 60 38 8 90 13 10 80 46 99 70 66 10 79 92 92 23 16 44 58 9 100 84 44 78 55 92 14 6 15 44 84 33 12 84 44 64 93 34 50 40 63 22 52 54 
91 3 71 57 18 5 23 83 72 49 15 52 85 9 29 57 20 91 21 19 14 35 69 34 63 55 69 62 55 7 67 57 24 71 75 33 62 13 53 63 8 61 85 32 65 25 21 20 33 7 95 59 0 87 67 10 3 57 33 88 99 59 81 50 83 45 7 59 94 69 55 81 58 79 85 30 25 47 45 3 26 85 79 1 94 77 55 74 11 7 13 16 33 75 59 54 71 95 67 27 22 21 1 65 74 89 61 84 53 95 51 70 47 91 97 79 16 19 39 2 55 57 91 8 29 7 9 22 
82 92 83 39 8 95 94 20 55 90 1 26 35 9 38 40 73 80 93 41 18 53 12 99 50 60 43 38 41 91 98 96 65 82 39 43 54 83 56 20 47 48 15 56 83 5 18 89 66 66 59 29 80 53 36 47 6 46 27 16 53 71 12 83 18 6 21 25 90 73 0 72 65 94 51 60 1 31 92 84 65 94 79 85 42 65 82 53 22 78 39 94 35 67 60 1 28 28 27 5 26 45 90 26 87 90 71 2 19 59 6 97 80 26 97 5 12 13 12 31 50 80 49 12 25 29 68 95 
94 86 25 1 94 5 62 28 1 12 31 38 29 81 18 60 39 42 37 79 46 59 96 53 86 0 89 82 7 79 30 86 37 40 15 77 28 89 54 76 33 12 13 88 41 1 4 55 54 6 79 59 52 89 40 79 80 88 31 28 35 45 64 43 50 84 97 43 78 79 56 22 37 30 23 82 51 55 88 34 37 36 55 91 2 55 30 45 10 48 69 36 51 63 96 43 8 14 31 95 22 83 94 78 81 14 93 6 87 57 44 9 26 26 57 3 78 39 36 13 2 76 27 96 3 61 4 1 
38 32 16 72 90 49 5 1 22 3 29 44 90 74 26 20 63 44 38 2 50 43 5 38 47 3 15 80 64 42 72 74 81 86 92 38 84 85 99 45 38 75 79 70 64 60 84 31 22 30 100 36 84 55 7 34 25 31 69 4 20 88 72 57 74 64 16 58 20 53 87 83 40 17 1 84 54 34 66 6 85 76 86 36 68 53 35 54 75 95 43 10 48 98 88 37 64 84 52 46 0 25 75 11 94 1 75 64 0 94 8 11 82 84 48 88 12 39 73 10 11 95 93 10 90 88 50 21 
22 27 89 89 29 6 78 77 50 92 80 45 59 27 23 60 11 89 3 47 55 52 32 84 81 80 68 91 3 57 59 92 13 33 75 61 9 84 78 67 96 88 62 93 41 95 45 5 62 89 21 17 51 70 62 42 5 8 58 73 77 45 93 29 62 95 77 87 65 76 82 21 20 78 38 23 87 81 89 82 69 93 37 83 69 96 84 0 83 50 80 19 47 61 9 77 90 59 99 3 1 10 66 49 80 64 100 23 71 37 63 35 46 97 47 95 21 34 42 8 53 56 70 57 91 35 13 27 
21 0 41 89 98 1 34 19 36 6 25 74 29 79 74 1 78 18 3 29 42 63 64 32 7 70 27 2 69 85 62 89 72 28 95 83 80 33 48 11 84 44 87 22 89 7 62 14 33 40 77 11 30 33 36 14 83 82 69 66 39 99 74 82 5 58 33 9 88 91 30 81 62 28 41 18 85 81 80 85 12 42 1 61 2 59 80 2 49 62 91 22 49 69 54 8 75 16 63 73 92 95 90 13 86 10 75 38 77 31 88 28 11 52 91 13 8 3 48 96 17 6 21 64 89 35 30 4 
35 94 69 55 50 21 38 63 46 36 55 22 67 25 88 39 82 82 19 71 18 23 10 34 3 22 85 18 49 7 82 11 34 84 19 81 8 65 62 99 80 40 25 46 7 25 74 42 73 58 29 49 84 51 72 56 73 36 43 62 45 43 74 28 67 68 69 83 88 5 76 11 54 94 7 28 9 63 6 33 48 36 85 3 52 5 68 60 39 62 47 52 3 59 60 58 51 14 55 87 30 41 0 51 8 32 69 64 7 99 82 48 51 70 59 99 38 11 8 28 27 20 15 72 13 99 88 10 
96 39 13 65 44 47 37 72 79 33 49 68 25 69 89 94 17 75 99 65 92 69 23 13 32 73 35 14 91 75 87 78 27 99 35 55 84 71 71 80 67 25 89 24 45 9 99 13 52 83 33 79 60 13 1 33 42 3 33 54 35 87 25 97 50 7 5 69 52 53 61 66 53 27 57 74 59 59 77 50 67 61 77 25 60 85 35 29 24 77 29 40 21 7 55 81 82 3 59 37 50 1 99 88 43 47 91 98 51 23 31 43 0 45 39 77 38 41 73 33 16 23 89 42 83 89 49 29 
32 30 62 87 46 52 24 26 41 64 24 22 55 22 64 60 71 84 40 85 2 78 76 13 22 26 54 44 41 26 98 38 93 14 76 59 42 32 16 94 57 52 42 10 51 2 88 57 26 74 46 17 72 82 46 85 58 12 26 74 57 4 90 83 44 36 32 91 46 38 76 22 41 56 92 94 97 54 86 78 5 24 72 99 56 28 34 75 30 40 90 22 73 52 76 97 22 86 22 71 86 58 70 4 29 56 86 76 45 36 32 13 38 66 26 27 14 64 68 61 54 82 8 46 57 22 52 87 
90 8 85 82 87 49 82 96 39 88 41 75 68 63 44 86 71 26 19 70 61 65 86 43 14 48 99 9 6 71 6 8 9 14 31 46 23 29 18 80 79 80 61 99 62 87 92 35 54 64 93 34 37 83 60 33 38 98 53 37 92 57 98 59 82 12 73 8 67 33 72 44 51 52 37 69 26 57 16 96 57 46 93 64 71 13 20 11 52 64 13 45 34 13 8 99 94 56 23 58 3 17 4 100 99 98 55 33 88 69 52 73 22 66 47 22 47 69 62 95 68 14 25 17 82 17 68 53 
98 28 61 30 43 75 50 82 13 82 71 47 12 55 88 0 91 70 3 70 61 73 56 95 84 24 53 61 100 81 80 28 65 48 91 6 71 83 36 42 63 78 23 47 36 91 82 87 58 50 57 10 33 5 94 83 6 82 47 41 6 45 76 25 66 50 33 8 3 49 6 82 85 74 55 85 82 13 40 88 1 40 33 88 99 87 76 59 24 22 59 33 86 41 28 69 88 78 89 48 47 33 26 14 41 0 89 89 12 29 22 67 48 12 55 14 71 97 94 83 54 36 79 85 54 31 88 81 
84 78 56 97 85 45 41 55 33 24 38 80 62 3 37 25 88 89 31 36 32 48 92 69 51 39 55 41 41 10 38 46 87 48 10 37 47 93 11 1 73 96 8 76 96 63 53 92 93 61 33 96 84 72 88 19 63 13 41 81 33 70 54 69 96 78 64 7 85 51 13 83 95 92 68 12 28 77 77 91 76 7 77 48 82 30 90 9 85 43 85 29 31 66 42 73 80 20 42 33 3 59 87 11 33 52 62 90 50 65 87 66 59 61 51 44 70 98 4 15 77 81 47 41 13 46 80 23 
64 91 33 12 42 18 68 98 46 19 5 71 13 18 18 17 62 48 12 13 49 69 33 6 88 80 84 4 18 57 13 0 15 23 93 96 10 100 54 70 40 19 39 95 65 46 46 92 29 98 84 37 5 3 83 42 8 14 72 0 64 63 73 55 6 77 49 22 34 50 32 100 34 1 91 13 79 46 44 65 60 56 76 71 29 37 3 72 86 90 82 80 74 55 65 11 46 43 65 70 40 10 18 52 18 45 17 57 41 58 58 90 19 72 56 1 1 85 57 10 58 68 44 90 100 23 7 19 
43 92 53 78 65 71 70 78 57 74 11 3 54 41 92 99 36 6 79 100 51 21 82 79 62 50 83 97 66 19 92 59 94 54 1 32 49 11 86 96 87 84 33 15 52 93 88 42 41 22 89 68 79 65 2 29 50 94 53 45 22 67 82 8 35 26 1 20 9 89 88 84 49 82 73 61 80 95 24 13 2 30 81 22 85 83 88 55 8 16 61 33 24 51 6 16 43 34 49 64 73 11 82 84 69 2 63 61 82 99 4 42 11 30 95 2 85 89 16 97 24 82 39 45 24 7 52 10 
83 16 81 70 89 53 22 28 21 84 41 63 78 49 6 25 10 6 27 20 51 87 80 63 46 6 33 57 28 3 94 25 14 4 61 60 57 5 96 100 69 94 95 67 82 29 58 80 5 16 29 8 27 3 100 3 6 74 35 77 64 41 18 0 23 38 49 76 89 27 6 46 59 30 35 9 6 19 4 7 16 74 49 16 41 91 30 63 46 62 39 89 54 83 32 86 89 84 17 10 77 27 24 0 93 68 57 89 42 19 20 56 61 10 7 36 57 55 6 79 72 96 89 49 26 85 88 98 
39 86 56 77 40 66 40 64 95 94 36 90 77 14 40 49 24 56 70 99 2 56 82 91 64 34 18 14 57 96 98 33 70 16 60 13 68 92 80 92 43 100 18 62 99 92 2 26 51 32 32 27 70 42 58 15 66 16 86 52 3 60 38 8 19 8 80 95 58 58 26 40 95 30 16 86 93 44 92 59 74 88 76 99 92 68 52 13 46 52 82 44 41 90 46 68 5 0 54 27 26 70 34 6 23 12 18 10 1 50 88 58 61 4 48 47 0 48 6 63 96 54 84 90 85 94 58 28 
81 57 33 3 50 15 33 84 93 67 41 36 79 71 15 51 8 17 63 49 42 81 59 97 70 83 91 74 93 45 25 7 24 85 29 83 42 75 99 80 7 7 71 40 39 19 21 18 83 57 29 89 68 69 25 75 96 39 11 68 53 17 99 56 97 55 1 81 74 41 45 76 97 1 83 22 15 13 23 69 18 65 29 73 24 95 75 41 80 99 87 2 79 81 17 24 97 79 57 21 80 39 19 70 53 57 11 6 23 53 89 32 13 41 79 37 12 57 5 93 40 59 21 36 9 1 59 32 
72 82 33 81 36 17 82 9 60 12 95 18 21 99 12 90 23 2 47 43 46 3 54 88 75 94 25 20 79 93 26 32 93 68 69 57 18 33 74 73 18 34 41 90 9 47 32 15 94 0 65 15 88 99 48 6 19 60 53 8 99 75 78 69 30 6 53 35 86 75 34 55 10 80 41 44 19 17 74 86 29 66 17 67 90 59 2 2 5 56 53 42 25 65 90 13 84 52 41 35 18 83 66 75 8 82 53 44 37 77 2 23 44 62 87 39 42 99 80 60 67 26 31 50 99 99 4 61 
30 38 93 91 14 81 50 33 10 40 93 74 15 99 40 92 93 98 39 93 14 65 86 30 49 90 31 26 93 1 30 88 15 72 25 99 94 83 8 75 18 14 63 42 27 77 34 93 14 96 45 65 90 43 22 38 97 58 99 92 81 71 2 89 44 38 93 61 10 37 82 65 92 26 75 20 65 39 66 36 47 10 77 85 66 69 60 48 75 14 31 10 85 27 12 49 2 30 73 81 84 73 32 37 44 90 91 32 85 71 84 87 30 86 35 53 94 1 14 80 79 70 37 66 49 95 58 23 
89 23 53 31 11 74 76 43 16 4 6 23 5 25 95 29 30 15 91 91 1 70 100 82 51 82 22 29 15 43 89 41 60 51 53 21 67 20 30 91 40 62 42 7 25 69 9 64 81 11 85 77 61 100 52 42 71 22 8 27 93 75 93 32 55 43 69 95 91 68 6 29 14 16 96 61 7 95 57 25 16 53 41 51 47 46 52 14 21 48 2 97 43 55 85 16 95 71 25 87 71 82 54 69 12 48 28 85 55 87 67 24 51 29 3 31 75 80 76 64 93 64 52 75 99 79 95 58 
71 28 60 74 26 49 61 31 54 73 97 40 34 68 22 87 94 48 80 64 36 35 83 72 11 57 99 26 0 100 46 11 92 32 68 32 78 69 71 51 72 21 15 42 56 96 92 0 33 92 14 46 46 71 25 8 63 49 93 80 62 20 80 32 31 30 36 34 92 35 73 83 76 55 25 16 36 90 22 61 8 26 28 88 52 95 9 34 63 25 35 96 24 62 98 52 87 22 44 84 10 7 19 11 80 87 11 100 4 30 98 24 27 74 82 54 0 15 83 4 27 17 9 18 18 24 2 94 
3 12 55 39 44 73 96 84 19 88 39 0 51 37 50 45 20 66 63 63 26 5 4 93 2 32 45 28 25 63 74 65 18 72 5 49 70 63 52 28 7 2 53 58 79 17 56 80 51 92 13 93 78 83 38 33 84 94 35 24 5 57 82 24 63 60 51 91 24 5 72 42 17 12 51 88 63 5 78 87 30 84 61 55 34 9 44 25 8 70 33 70 71 11 92 38 73 50 33 87 50 69 6 62 35 36 65 50 51 29 100 2 17 10 87 99 24 65 68 45 68 16 3 42 61 13 52 4 
15 70 67 65 74 39 8 76 49 40 5 22 13 83 30 1 36 84 77 23 38 85 78 49 16 26 83 4 11 69 0 33 92 62 29 29 66 79 50 4 29 76 19 22 1 91 38 96 99 24 19 75 98 57 6 93 42 24 21 76 23 57 28 6 1 2 15 81 68 69 46 10 53 84 57 54 95 65 46 11 26 26 67 17 24 35 92 87 38 14 55 0 9 33 48 98 65 58 77 9 50 95 0 20 73 20 91 50 25 53 68 8 37 96 41 13 6 45 28 53 64 76 1 42 87 45 74 94 
46 73 51 31 82 13 19 3 4 67 11 68 71 79 11 100 23 69 97 17 66 71 19 26 3 19 57 48 53 93 5 12 29 49 9 23 52 77 1 19 100 47 73 26 27 99 93 15 100 45 11 9 18 47 73 20 75 61 91 12 93 67 29 15 18 19 3 55 34 63 53 29 62 93 83 50 13 85 49 34 17 43 15 11 6 59 65 50 91 39 45 38 97 13 9 23 6 73 33 55 46 11 81 13 52 65 49 14 17 29 73 37 48 15 17 63 54 11 95 52 27 41 91 68 5 87 71 93 
84 66 44 57 28 100 86 19 54 64 40 88 21 12 56 4 75 34 64 71 84 24 8 40 29 20 90 90 23 72 46 16 23 72 72 17 12 70 26 43 42 66 36 8 49 70 40 59 96 84 28 3 92 98 94 94 1 60 28 4 1 98 24 17 62 24 6 81 22 88 80 21 46 62 38 4 39 28 30 78 67 56 16 77 6 60 46 72 47 10 68 52 19 32 28 29 2 56 0 61 60 74 96 57 8 100 96 16 39 0 72 35 72 38 48 5 66 42 32 82 89 78 44 22 99 42 68 33 
44 6 35 66 61 35 52 59 24 88 23 5 12 41 46 82 1 48 81 90 11 5 32 82 75 76 65 19 34 91 98 0 99 84 93 54 9 31 44 65 32 76 83 13 36 93 36 53 90 28 23 96 51 89 12 26 75 44 71 67 34 51 92 29 76 40 35 84 49 51 6 51 52 46 7 83 96 59 2 38 55 0 31 58 89 15 90 50 97 82 27 51 74 55 100 29 64 68 29 4 41 11 98 91 46 14 1 15 58 31 46 91 10 0 5 48 17 73 96 14 85 80 35 35 86 59 18 63 
0 2 63 18 23 37 34 81 30 68 49 53 46 21 72 52 25 18 1 90 59 11 6 54 11 72 43 87 88 71 18 90 67 0 73 20 73 33 40 17 92 100 85 37 90 9 2 67 40 42 31 52 31 75 44 62 9 80 73 11 94 81 90 95 94 42 3 46 7 39 52 87 70 12 21 47 0 11 62 4 55 46 59 90 89 39 2 30 51 98 53 67 34 91 82 91 72 18 57 64 1 83 24 67 6 56 59 99 0 99 74 1 44 46 85 86 77 23 16 2 75 90 77 83 26 45 8 87 
70 68 76 95 59 75 15 88 76 70 58 94 66 25 99 95 73 30 62 33 83 5 69 55 1 82 76 18 84 3 77 83 7 36 50 91 41 83 37 2 90 76 90 84 8 37 5 26 56 98 32 45 31 27 43 73 17 46 2 22 86 33 19 60 71 21 27 24 46 46 80 9 61 5 71 79 35 88 94 54 74 51 83 4 62 52 20 12 14 15 3 15 93 16 14 19 53 13 9 4 58 24 46 17 63 53 69 55 53 4 58 93 37 83 93 62 100 90 70 94 56 11 47 19 15 18 82 17 
54 49 23 20 62 4 12 87 85 59 33 73 31 32 88 24 36 25 13 66 4 96 94 84 40 37 75 59 61 46 96 76 74 49 29 12 88 54 24 67 9 59 5 89 99 90 66 89 71 97 63 4 18 100 6 42 76 23 45 3 33 10 32 40 43 46 26 71 47 47 65 74 26 88 78 18 66 77 51 35 57 4 66 41 31 75 97 39 17 52 2 22 10 73 71 100 78 36 76 33 75 35 73 38 40 42 94 26 20 57 77 40 66 84 48 19 55 57 3 35 25 2 72 36 4 49 57 5 
5 4 27 78 75 5 30 71 74 58 79 45 86 99 92 96 11 46 29 88 81 59 94 44 51 30 49 79 84 33 6 94 25 26 71 72 99 17 66 95 12 76 51 41 60 71 4 89 84 98 83 72 9 7 10 42 73 60 75 59 84 53 8 4 69 0 87 50 35 35 50 69 38 46 27 63 86 61 74 56 93 98 91 90 39 51 62 98 87 86 51 87 12 57 100 89 88 52 71 54 83 67 32 67 4 26 65 75 56 85 6 13 76 90 25 90 55 67 24 42 15 34 5 93 22 79 30 16 
5 8 67 96 27 67 8 53 86 18 47 69 40 99 4 10 19 0 41 100 53 13 74 94 13 92 19 19 60 45 44 66 81 52 87 12 91 7 100 13 72 14 65 9 94 59 6 79 4 80 71 70 77 27 20 54 53 12 53 65 62 99 92 14 73 10 15 62 63 53 62 47 6 80 33 59 80 41 30 38 37 92 87 8 39 89 70 60 1 44 49 39 88 33 100 7 96 98 23 0 51 73 100 91 78 56 23 15 36 35 62 49 60 8 93 16 11 85 94 66 61 82 19 65 64 47 84 72 
33 2 68 31 68 88 46 45 14 52 66 36 51 64 100 8 29 54 34 33 26 46 80 86 15 2 34 58 77 98 20 82 67 42 84 63 36 12 18 1 32 82 14 98 67 58 54 67 46 42 56 29 2 0 80 38 43 14 64 72 41 96 58 44 97 92 90 37 22 88 92 87 64 52 12 52 55 48 72 66 79 20 74 89 54 36 98 100 93 46 32 64 11 44 44 97 94 34 24 41 52 4 60 43 2 68 28 96 35 20 0 35 50 66 84 93 94 52 72 64 25 30 94 26 63 58 86 40 
37 13 19 77 82 9 7 23 18 13 7 58 65 5 85 88 25 83 49 87 76 7 11 80 65 73 7 78 75 31 87 88 83 87 63 45 48 73 65 3 10 53 61 58 17 21 19 9 16 95 47 87 88 75 9 6 1 49 89 82 47 43 31 58 59 69 75 51 42 67 25 77 34 39 37 86 51 83 87 28 31 31 31 39 92 27 29 18 55 25 5 56 65 43 15 41 40 49 55 35 22 11 61 57 72 7 55 46 5 11 23 39 20 55 41 23 12 79 51 50 67 41 99 96 63 77 45 40 
16 32 87 85 36 23 16 44 85 38 69 12 31 97 78 9 14 58 53 81 88 53 40 95 56 60 89 90 13 75 16 45 42 12 59 99 34 43 92 8 15 82 79 50 47 49 96 70 1 86 15 15 44 75 22 99 86 32 91 82 5 1 34 23 24 2 67 9 44 65 58 56 1 26 95 72 65 83 54 9 94 94 83 33 72 93 96 11 16 60 63 2 69 91 28 40 59 44 59 9 22 5 10 96 41 20 69 24 17 39 34 88 23 38 41 45 18 81 18 75 18 48 89 68 61 37 58 7 
26 20 51 59 88 47 68 60 29 84 67 34 81 79 74 43 60 30 45 79 88 75 80 81 6 94 81 54 79 83 90 59 52 34 75 65 30 47 100 60 53 96 57 98 65 87 84 60 63 28 47 73 24 45 28 15 6 20 13 28 75 85 28 53 80 12 27 43 78 91 30 44 95 46 53 72 55 61 68 89 18 38 3 23 62 19 22 17 12 40 77 90 67 65 88 24 37 88 91 19 74 15 22 74 21 72 45 68 19 5 32 94 45 92 53 71 8 31 70 3 14 22 43 8 19 37 78 89 
90 6 68 92 28 17 55 25 12 79 17 2 46 20 18 93 16 94 12 28 98 51 1 84 25 7 19 38 18 4 58 9 70 4 80 28 46 89 91 57 52 55 7 14 36 64 0 56 23 22 100 34 72 15 15 94 69 5 55 66 54 28 28 33 28 2 74 18 84 47 43 35 92 89 11 38 86 64 18 19 100 16 68 86 78 65 79 44 87 79 99 60 12 14 72 90 69 62 2 52 92 75 31 15 68 65 39 78 16 84 36 58 97 4 76 0 68 35 37 0 79 33 93 6 40 98 96 61 
74 63 27 99 89 46 50 41 6 68 10 31 91 15 73 13 10 23 89 23 31 42 8 96 57 48 66 99 13 45 27 81 100 7 79 39 21 58 54 53 50 44 90 55 43 39 39 32 31 47 59 61 83 52 80 96 87 38 48 97 49 75 93 3 12 95 35 19 67 42 8 91 76 44 38 13 87 45 13 47 36 33 39 55 13 44 10 16 29 16 34 37 15 21 7 30 13 83 55 79 25 50 26 93 98 100 50 17 79 21 67 8 33 21 97 43 93 28 72 12 57 12 30 57 23 35 21 75 
21 22 19 21 64 35 92 67 100 16 45 60 61 37 2 16 51 34 17 55 14 71 24 46 39 18 63 70 99 61 84 44 35 64 71 25 8 85 42 3 44 72 27 52 29 5 34 23 34 84 3 67 72 17 90 66 99 6 19 44 55 87 16 28 1 50 35 17 74 31 42 77 50 52 79 22 51 31 10 46 63 70 51 45 98 7 66 16 33 38 67 8 61 7 24 55 82 44 19 41 68 43 24 85 92 50 15 78 33 35 80 37 46 60 41 29 90 39 46 0 35 98 65 78 91 91 78 22 
33 20 61 23 94 73 46 51 84 100 87 78 71 57 20 22 13 56 69 17 12 91 32 12 13 84 17 56 45 39 16 58 99 16 91 83 94 1 60 99 38 78 77 26 11 41 8 71 94 78 43 97 60 27 50 84 53 2 69 44 29 83 56 60 13 2 97 47 84 67 22 13 80 86 23 68 21 47 92 34 31 12 59 23 24 33 84 70 59 70 73 82 45 15 80 93 28 38 79 95 52 73 38 29 30 52 89 76 37 75 46 59 50 54 53 91 74 3 14 50 19 34 3 66 49 41 10 58 
82 47 89 69 42 19 33 12 53 35 13 40 37 65 9 17 80 47 5 31 40 89 85 85 16 37 51 86 83 67 39 37 84 87 7 61 18 75 19 82 19 51 51 74 41 1 11 100 37 55 23 71 24 41 83 35 16 47 21 20 91 45 63 65 54 57 33 17 22 33 99 48 13 81 49 38 23 35 3 75 74 65 55 17 86 21 43 97 56 29 91 10 11 99 23 94 35 63 91 29 48 37 79 56 13 79 7 94 91 55 53 22 79 87 25 43 68 9 69 97 48 91 37 42 3 5 65 31 
76 70 42 23 56 56 30 96 29 42 52 94 41 70 86 33 38 50 86 41 68 26 96 13 10 98 30 32 69 38 32 85 82 100 54 63 2 68 78 30 41 18 4 76 63 74 42 2 25 78 98 25 6 42 68 37 80 14 92 80 95 94 78 55 2 20 26 89 82 42 6 38 75 52 86 48 29 86 76 53 34 32 80 3 86 80 94 69 34 56 92 6 1 40 66 66 57 58 72 55 18 74 24 22 69 62 10 90 57 84 100 70 93 96 50 5 8 10 80 25 12 96 0 92 37 44 24 95 
50 52 29 50 47 85 38 76 91 28 85 47 74 99 6 35 66 30 19 38 29 83 96 31 10 16 59 13 40 61 74 43 20 100 31 76 19 65 40 96 59 72 43 91 12 39 2 70 47 74 37 20 45 87 100 33 26 88 33 25 64 41 0 53 42 96 73 76 5 31 4 8 15 88 81 89 88 21 64 81 30 44 37 84 87 5 48 15 66 60 23 81 86 89 74 26 17 86 71 8 43 61 24 90 79 66 3 29 12 17 100 42 29 16 43 62 3 35 72 9 56 54 53 25 88 49 8 45 
14 94 81 92 93 39 72 18 97 6 39 23 6 51 34 97 28 78 35 96 25 1 30 95 12 74 81 61 90 69 38 77 4 68 11 82 55 15 52 96 19 82 9 59 52 35 16 98 71 60 49 12 29 33 88 31 14 54 71 5 98 7 68 41 6 90 13 32 21 5 92 32 25 6 23 61 6 13 74 35 50 36 97 32 11 5 84 35 66 14 57 97 42 73 14 2 9 36 15 20 75 73 44 86 33 52 9 41 84 37 54 36 41 10 87 100 83 13 38 43 58 88 79 1 38 47 62 21 
45 75 41 2 20 8 2 52 8 77 9 27 67 86 22 17 32 68 34 71 41 27 19 66 54 66 78 70 92 53 7 40 9 53 47 2 6 52 34 14 14 45 33 67 7 86 46 76 63 50 34 67 19 41 67 80 88 94 80 42 86 95 57 22 93 91 49 48 12 98 78 82 10 71 21 21 77 42 90 39 12 20 42 23 93 71 51 8 34 66 84 14 28 47 39 81 6 23 55 66 36 54 22 82 60 95 95 37 77 24 54 94 29 88 64 55 93 79 77 52 36 6 52 68 88 79 1 66 
49 66 52 59 53 65 51 97 23 32 10 54 60 21 79 63 24 67 91 58 42 80 54 65 29 81 93 81 27 68 60 56 23 64 48 79 61 81 59 13 63 8 74 2 30 85 53 58 1 7 41 36 84 56 8 35 61 13 83 71 99 16 82 92 17 100 36 93 29 23 43 83 29 2 80 54 74 63 17 81 88 7 53 38 74 84 80 21 83 55 67 61 99 38 64 55 76 16 84 13 61 53 37 39 79 78 30 42 64 63 7 12 99 59 95 40 6 82 52 65 15 33 23 43 31 6 36 98 
17 4 57 56 85 43 96 88 41 76 45 95 80 69 82 64 77 90 59 88 75 61 56 49 54 14 47 49 76 63 46 2 27 32 63 54 29 79 52 96 37 58 9 11 66 21 32 39 98 96 89 68 51 73 40 33 78 62 29 75 76 85 90 20 95 100 69 78 5 81 60 16 17 98 13 37 12 3 24 92 35 42 81 66 5 45 20 73 16 2 33 61 22 95 62 33 96 66 35 26 13 93 56 38 33 20 51 57 64 19 2 27 68 20 31 46 13 53 6 13 26 88 85 67 68 5 34 52 
63 8 97 32 21 79 84 46 63 98 95 27 28 13 16 4 81 46 11 96 71 23 76 87 80 18 89 33 8 51 10 64 59 56 91 44 61 81 98 18 37 86 99 63 64 29 86 77 6 14 85 30 83 93 72 5 84 22 23 23 26 41 64 14 95 26 33 30 31 63 46 12 3 74 3 33 82 17 28 92 23 36 57 66 25 19 100 19 92 12 71 81 26 87 82 69 92 78 27 8 9 7 82 12 7 76 49 45 72 57 14 63 22 76 55 26 29 11 10 67 76 6 91 11 88 29 50 36 
83 52 100 35 10 10 24 12 39 14 62 16 81 86 44 72 1 0 22 23 0 60 98 15 96 48 54 16 91 100 56 60 25 50 100 53 98 88 84 24 63 74 58 90 69 14 2 19 58 74 48 33 30 6 92 47 62 66 46 100 55 14 72 28 43 94 2 47 38 14 18 56 41 84 78 38 63 42 48 96 13 82 14 15 94 10 42 91 60 8 22 70 41 50 6 71 80 62 44 79 30 66 74 8 51 14 60 46 97 66 100 45 72 98 30 83 24 62 32 79 58 26 16 64 55 30 84 2 
11 95 93 33 56 7 69 18 77 39 77 32 47 7 79 92 59 17 59 1 8 41 1 77 76 95 29 42 81 77 77 80 9 89 25 39 70 59 35 100 85 75 63 0 31 75 41 83 96 75 13 23 50 25 15 31 56 31 67 98 97 83 81 68 71 39 45 89 90 25 15 82 45 61 11 86 69 41 65 82 77 61 17 21 34 29 99 45 34 7 7 40 23 5 17 79 16 59 1 89 94 85 59 64 77 9 53 76 33 97 87 61 28 77 7 89 54 5 9 23 96 31 49 54 49 23 23 18 
6 10 17 67 54 43 40 89 24 38 47 82 21 47 18 25 8 8 35 7 74 7 62 22 11 74 27 64 67 89 64 29 100 88 57 13 44 57 2 9 14 64 53 10 61 87 100 98 35 86 89 61 46 29 56 38 41 80 73 54 63 11 30 97 90 64 57 75 56 63 64 11 70 0 17 58 19 83 74 15 78 96 25 75 76 87 58 8 7 54 61 92 79 73 24 70 41 82 21 55 80 15 10 99 84 22 63 64 47 99 42 20 65 82 91 51 40 79 68 26 39 66 55 76 75 95 72 9 
76 56 41 29 0 49 58 37 14 62 93 38 21 53 4 97 58 8 35 65 8 3 70 46 81 30 89 34 5 55 2 17 44 48 13 27 32 5 66 41 98 72 27 16 71 53 46 30 79 78 33 63 56 15 98 82 89 100 99 8 67 39 44 83 92 72 33 73 26 77 98 43 4 58 91 0 61 75 26 11 82 32 73 17 80 33 6 62 99 92 55 44 45 31 64 62 31 6 17 77 98 85 2 53 18 24 5 82 29 95 28 42 11 60 43 17 68 99 44 2 37 56 85 96 29 31 50 59 
17 75 1 27 43 10 80 15 56 66 64 89 43 93 27 48 57 43 15 57 89 78 56 56 27 92 92 7 95 23 75 30 11 3 61 91 91 84 26 71 12 52 34 1 75 53 73 87 60 35 9 9 13 50 12 6 51 6 74 83 17 17 61 14 45 5 33 31 41 86 90 21 10 36 40 43 71 43 77 20 23 41 13 27 99 88 74 10 61 100 40 95 23 95 29 55 64 43 5 87 91 8 46 49 94 28 8 23 39 7 87 97 86 73 63 83 55 60 4 36 9 10 94 11 47 97 29 50 
63 82 0 68 2 1 25 35 48 89 5 84 68 82 42 58 61 98 76 32 56 91 11 66 67 85 71 72 16 56 6 54 95 28 36 76 12 21 23 27 76 41 83 14 38 0 88 75 80 52 28 94 22 1 83 18 45 51 91 6 4 0 14 38 31 26 64 46 74 31 77 93 12 83 35 70 54 80 4 26 23 26 70 28 72 43 99 12 47 49 59 18 12 98 62 13 40 24 68 18 16 99 43 49 34 15 95 58 90 22 58 71 16 84 14 30 88 39 77 92 91 57 29 80 2 4 32 76 
15 50 13 87 44 65 62 6 83 8 91 72 23 27 68 18 69 44 35 97 52 75 64 13 0 96 37 96 81 41 90 48 51 76 57 67 88 45 60 12 23 10 65 72 19 43 40 29 34 82 21 77 58 55 84 7 40 90 81 88 69 33 24 60 83 96 45 47 22 13 26 66 93 10 37 46 85 37 18 68 7 68 37 59 32 21 40 33 58 94 17 4 23 13 0 33 84 16 53 71 88 45 92 2 7 66 41 92 55 61 22 59 50 16 3 39 46 63 70 97 62 64 63 86 21 21 98 78 
7 16 9 89 2 67 88 58 1 34 25 52 81 75 94 76 11 14 31 7 32 29 14 13 28 68 27 86 83 29 72 2 33 12 45 21 38 51 30 12 13 64 99 26 53 63 80 99 48 38 69 75 12 29 98 81 68 34 83 34 71 89 4 6 39 80 73 19 76 53 52 74 61 70 79 40 3 45 84 92 17 58 21 81 48 61 36 33 92 42 27 10 55 49 48 19 94 70 17 81 82 81 52 72 25 0 71 54 79 61 58 77 88 68 47 71 80 13 4 73 24 14 53 60 7 27 40 24 
2 81 29 31 18 1 29 69 60 77 11 6 79 55 47 23 62 21 59 69 64 91 39 90 5 65 41 48 37 1 5 99 100 81 77 91 76 33 41 49 68 25 25 88 87 75 85 28 43 41 13 9 70 65 21 40 85 81 81 94 47 19 37 33 48 99 29 33 62 59 41 61 46 23 29 50 13 53 89 89 32 81 9 3 84 7 85 42 79 83 93 32 97 93 37 20 97 43 41 19 0 23 93 33 36 27 5 46 21 39 99 56 93 9 83 57 70 11 11 26 71 49 59 30 41 79 57 81 
56 12 48 29 24 38 100 15 34 72 50 64 51 18 98 25 56 100 40 63 0 58 80 6 69 18 74 96 75 94 0 61 38 62 62 25 56 0 6 39 38 28 100 78 41 74 86 84 23 20 42 43 64 32 10 22 5 40 4 16 81 58 94 49 58 90 38 55 14 18 4 69 42 44 22 88 99 92 60 91 16 16 48 21 86 8 18 28 49 38 2 52 83 86 36 40 65 8 76 65 50 76 50 13 18 12 74 56 63 6 0 90 93 4 80 51 44 34 50 82 21 54 24 70 19 96 68 33 
46 56 7 2 43 19 36 23 68 80 15 13 94 65 16 49 0 94 67 34 95 53 64 46 19 92 29 27 68 51 26 65 34 22 93 30 1 83 100 51 66 32 69 85 30 69 32 26 45 70 69 76 11 29 12 18 51 36 79 55 16 87 20 63 30 100 59 2 47 21 4 97 92 40 47 15 40 87 82 35 40 90 29 62 89 45 46 94 69 10 29 71 60 67 26 92 27 22 65 90 57 73 34 55 78 60 93 59 42 71 0 42 11 30 3 36 69 9 80 84 81 6 79 23 88 93 82 59 
74 14 71 66 27 57 2 69 62 12 13 77 92 33 72 27 6 68 63 56 83 87 68 70 89 92 99 43 50 43 82 79 80 18 61 10 81 97 60 21 52 88 39 49 72 89 12 40 29 78 1 60 99 57 18 48 17 76 57 37 62 13 50 47 96 54 19 36 11 59 18 51 4 72 25 63 90 71 18 49 76 30 19 86 7 31 60 60 99 44 23 67 0 47 20 32 91 0 29 34 1 55 74 39 88 6 87 59 100 95 54 92 43 74 69 82 31 95 52 2 99 48 73 33 28 5 42 5 
3 29 91 22 48 96 66 85 89 23 87 37 97 84 98 59 1 91 93 78 56 0 70 6 0 11 81 83 3 24 86 75 38 44 66 75 3 37 85 72 36 62 50 98 54 95 25 59 85 2 86 45 45 31 17 65 41 72 40 10 32 17 45 48 71 85 55 22 26 46 48 83 61 61 3 27 79 84 42 11 67 23 87 36 2 32 14 0 80 51 29 43 55 44 36 20 43 70 66 89 91 13 29 86 6 56 82 94 92 1 65 31 47 72 40 65 47 49 99 29 65 32 66 20 58 13 71 26 
19 0 32 93 71 87 65 30 68 10 26 24 98 43 89 52 8 74 34 19 57 1 95 23 3 50 38 94 34 73 17 9 80 69 25 2 36 68 76 91 57 3 27 49 39 94 52 14 6 65 95 72 36 22 18 44 72 67 81 33 23 62 80 14 27 70 44 31 15 25 97 98 24 58 84 16 34 33 31 36 32 16 12 3 55 75 25 35 5 36 64 38 26 33 7 14 69 63 57 100 70 68 20 89 17 1 27 11 57 62 14 74 78 25 57 94 64 22 72 52 78 55 93 49 61 32 78 16 
39 56 59 32 19 13 54 11 68 92 67 49 30 95 60 77 62 54 1 12 65 3 12 24 13 26 9 27 38 21 100 4 13 94 73 48 95 49 86 95 72 100 63 69 64 3 4 0 51 36 31 76 69 15 86 68 1 12 87 49 90 95 62 24 55 86 87 68 51 55 6 53 98 58 79 27 2 89 80 1 46 86 67 74 63 11 48 16 7 88 63 59 46 93 36 47 64 42 53 54 95 35 96 49 70 4 29 11 40 61 82 88 17 42 53 90 23 67 8 90 55 6 7 45 6 47 2 80 
13 86 87 0 21 21 86 19 88 86 29 89 36 45 38 99 36 62 93 74 45 69 26 8 81 4 51 51 68 65 90 12 17 34 93 68 31 65 76 29 50 76 45 81 90 77 82 100 83 40 19 54 49 31 98 88 71 66 17 21 100 35 76 16 69 4 59 42 29 17 4 27 32 86 53 99 12 95 50 21 18 76 7 10 63 57 58 52 73 32 85 27 66 51 72 51 52 48 81 4 7 41 66 91 36 96 15 23 42 55 72 48 89 80 17 28 59 77 56 58 25 32 25 33 92 67 28 56 
89 98 90 53 16 0 66 85 14 100 12 98 7 48 72 29 32 68 80 5 18 14 22 76 47 38 68 10 57 68 0 6 77 4 0 19 96 32 8 69 46 98 40 56 39 24 96 58 19 40 50 3 94 72 32 28 63 40 20 0 37 32 20 76 21 28 58 37 100 4 52 75 90 90 50 10 77 42 16 91 64 84 96 57 50 10 28 84 9 60 46 32 55 76 22 21 40 48 8 9 4 20 72 87 4 70 56 82 59 6 24 56 95 14 32 9 98 40 26 46 59 18 0 28 5 34 38 38 
69 49 87 87 14 69 9 89 84 97 69 80 49 45 37 9 46 89 9 19 38 11 79 8 89 1 31 34 35 59 59 2 7 35 57 41 2 93 5 17 44 61 33 92 45 17 67 72 21 37 35 29 100 87 93 82 29 13 41 84 67 93 7 58 17 93 83 63 60 43 89 83 62 95 37 92 87 99 91 19 0 91 75 71 92 31 25 44 3 97 17 78 79 43 31 41 24 45 77 67 88 99 61 37 42 7 23 10 59 55 73 2 83 35 33 3 82 3 19 88 15 65 61 82 7 45 27 30 
34 86 47 81 32 41 98 34 29 78 19 44 55 95 88 58 17 76 57 59 54 25 12 75 42 50 41 64 97 95 60 35 42 0 5 37 86 3 44 92 11 44 35 34 67 59 36 55 6 70 3 83 82 83 36 29 38 20 79 92 55 33 56 43 76 4 3 77 14 45 42 8 17 22 15 18 13 41 26 76 95 32 99 5 46 1 26 43 24 4 3 74 37 65 18 26 31 18 59 33 34 65 14 2 1 52 53 24 85 81 68 1 62 58 53 17 96 53 22 79 46 42 85 100 73 69 86 97 
18 60 27 71 98 23 16 62 9 38 19 52 11 83 84 46 21 0 17 13 22 97 96 63 84 72 47 32 35 57 10 47 74 80 87 23 94 19 100 36 69 56 29 72 93 43 10 67 20 56 43 49 20 5 24 79 78 2 13 98 9 61 82 17 26 36 59 55 46 41 20 88 99 74 45 20 91 1 94 60 83 68 43 35 14 3 8 17 2 40 21 38 91 53 34 88 29 8 15 67 40 11 20 72 29 70 99 90 95 69 16 27 52 2 53 35 10 37 82 11 14 86 19 36 43 45 22 45 
68 72 86 58 30 61 35 33 88 93 9 58 50 80 50 92 75 66 30 64 88 11 41 20 97 31 33 78 26 88 88 37 92 8 78 30 70 57 69 17 18 45 99 54 52 36 6 1 46 12 64 72 30 95 23 48 65 73 55 78 100 70 58 89 22 32 30 94 64 47 51 47 68 89 63 84 38 14 6 100 53 74 26 56 84 39 79 30 83 51 27 78 52 12 48 58 65 24 48 78 46 3 69 75 32 29 1 76 96 46 94 35 8 74 42 72 92 31 97 40 47 9 89 42 26 66 98 71 
28 79 39 23 67 76 88 65 72 64 54 59 11 75 49 70 67 27 53 33 31 10 84 4 99 82 26 5 25 97 79 61 82 79 35 59 1 84 54 93 38 4 6 23 83 45 39 11 22 7 71 37 11 10 82 48 79 0 100 85 41 95 55 23 30 55 27 25 3 32 22 11 78 100 4 57 49 19 67 76 29 1 95 15 9 54 56 86 25 72 2 85 3 59 79 10 9 87 31 47 45 80 80 87 78 8 100 45 59 55 21 37 36 29 65 57 91 78 50 66 45 74 4 41 9 47 21 59 
25 68 43 65 86 91 48 61 96 36 1 52 69 29 94 35 86 10 97 67 78 89 70 62 79 28 17 74 95 19 74 50 93 24 19 97 48 67 96 27 60 44 31 86 73 93 14 40 3 4 99 43 28 57 62 20 79 6 31 78 55 31 48 90 1 12 83 11 18 5 70 93 58 58 99 26 15 43 98 13 66 48 59 65 82 95 8 36 23 100 31 22 75 51 8 59 98 90 91 5 52 43 92 5 88 56 85 8 43 43 72 58 49 44 13 91 32 85 84 14 95 84 37 86 91 15 0 84 
93 18 47 91 94 89 86 59 28 66 67 68 91 57 98 33 72 30 21 37 92 91 22 46 13 98 63 60 49 91 54 12 75 16 23 79 88 21 2 39 16 50 81 36 67 65 88 4 7 68 23 45 96 75 90 16 49 86 53 64 45 5 66 12 5 52 79 45 84 31 22 41 0 0 53 36 89 35 18 79 86 32 79 51 88 27 36 88 27 0 89 14 65 3 46 49 24 20 7 3 24 99 88 29 8 32 25 60 25 71 44 94 91 4 89 9 66 75 40 86 39 82 91 40 33 73 2 4 
94 37 55 45 50 13 35 46 61 23 61 30 55 77 65 34 81 75 25 59 24 13 45 39 68 35 15 100 71 87 1 65 84 75 43 73 10 95 23 8 77 59 83 34 45 51 71 85 74 47 99 59 100 59 19 31 2 39 91 2 29 97 99 43 98 49 19 19 96 17 19 26 5 89 51 8 7 25 63 58 59 39 67 13 46 61 39 45 96 23 47 68 11 55 7 52 11 37 47 85 48 13 5 46 57 41 99 40 55 89 45 33 18 3 41 51 56 13 69 43 26 51 13 100 51 61 23 3 
64 60 0 27 24 12 92 12 23 62 32 12 69 66 78 34 41 0 78 73 70 80 56 93 88 58 56 46 59 2 90 3 18 28 42 47 14 30 4 88 97 6 2 84 41 90 12 87 22 34 60 9 52 34 16 47 88 60 10 86 91 12 64 27 14 50 82 25 70 36 66 54 75 56 94 40 29 68 28 28 91 72 66 1 100 8 64 17 70 78 98 56 89 38 78 90 87 24 10 93 52 96 64 8 47 18 24 84 81 86 72 37 0 30 22 5 62 82 32 53 90 72 2 76 9 10 36 1 
78 88 3 96 37 5 90 54 7 2 13 71 64 15 22 96 81 6 69 44 17 51 32 69 18 16 99 21 8 97 50 63 80 24 35 88 79 13 60 30 23 22 27 15 88 27 14 91 100 30 87 28 21 43 98 81 26 62 35 19 36 43 38 29 32 18 71 82 49 35 98 28 57 20 91 13 58 77 56 68 43 8 75 56 51 75 20 67 34 56 35 65 96 17 96 42 57 0 59 60 91 3 66 8 55 70 19 17 88 21 92 31 84 10 21 36 65 23 62 85 40 52 17 75 18 71 26 25 
74 90 59 8 49 37 22 58 13 56 11 15 40 51 26 10 27 54 29 88 67 37 64 43 80 42 61 61 10 13 38 37 38 20 47 72 83 91 6 32 53 38 25 75 90 39 86 81 88 10 83 12 67 71 80 21 50 58 5 55 32 75 80 33 0 8 85 74 33 77 74 92 77 28 45 13 40 15 90 74 85 94 51 60 21 45 20 83 80 50 1 21 8 65 94 10 73 24 15 72 45 65 10 90 97 34 17 89 100 27 64 99 66 48 13 44 81 53 50 19 30 90 59 63 38 23 92 95 
22 0 2 41 65 3 5 55 39 100 10 26 40 29 53 73 64 83 89 60 62 10 72 99 59 93 3 57 77 80 16 69 4 2 76 93 89 79 79 71 93 52 14 90 22 81 7 92 23 59 31 56 14 22 18 83 9 89 65 39 21 36 74 3 60 42 72 23 69 97 79 9 7 48 68 12 48 31 87 33 98 25 67 40 92 24 10 79 7 5 23 65 41 6 66 92 73 66 30 39 77 39 27 89 67 54 42 48 98 91 85 72 49 49 81 66 80 18 78 27 47 85 21 55 53 62 48 19 
42 61 5 60 4 38 30 62 92 13 51 27 35 54 2 31 92 94 68 93 55 47 65 84 24 78 40 12 50 3 63 47 32 59 35 60 96 64 42 8 16 97 61 95 57 36 2 60 27 6 4 67 55 43 95 32 82 54 60 62 14 97 61 53 2 93 77 36 82 54 60 82 12 59 75 73 47 66 20 49 88 62 8 13 73 19 31 88 78 42 86 94 40 3 43 76 79 89 67 12 88 34 26 0 96 7 17 41 99 2 18 94 17 84 52 65 9 83 41 82 96 68 10 18 14 45 33 97 
13 78 97 78 33 43 2 62 37 22 93 83 32 29 16 65 64 58 95 82 83 21 54 17 54 26 7 81 66 67 52 60 55 70 67 74 21 95 60 92 17 16 39 75 98 45 16 82 29 32 57 56 87 87 34 29 54 34 65 27 16 21 22 84 9 78 65 92 23 1 34 20 77 86 57 79 50 41 70 27 54 46 29 28 37 1 92 73 68 54 67 57 76 3 14 69 92 2 7 4 9 13 92 90 25 96 63 75 30 57 86 18 67 70 55 88 25 45 70 21 68 14 21 63 78 41 30 66 
13 56 85 16 79 31 60 38 51 0 99 85 2 27 62 29 32 68 87 4 15 73 22 13 50 14 77 85 72 25 68 34 95 58 67 58 41 23 28 90 5 2 61 9 62 43 90 26 57 20 21 64 51 25 88 97 86 66 51 87 76 9 18 82 19 12 57 72 15 75 26 58 15 30 39 79 12 89 82 31 72 24 93 10 69 15 38 43 50 68 9 53 50 13 62 97 24 72 43 52 77 43 90 72 7 28 69 11 38 41 26 76 15 92 19 44 41 21 70 17 88 32 87 43 66 37 60 0 
23 8 34 83 72 28 12 88 93 16 12 48 69 70 70 7 86 20 44 17 24 26 2 39 78 36 64 2 99 20 90 88 43 72 28 99 18 70 46 10 35 64 56 62 33 56 18 86 1 62 52 29 88 74 0 25 4 54 84 44 75 16 100 4 55 66 52 99 52 74 82 2 89 40 22 86 55 14 72 89 42 46 8 15 18 2 46 27 18 64 92 20 19 92 84 75 68 60 4 67 74 90 96 10 45 0 10 16 47 8 68 94 79 86 30 59 46 60 50 55 2 66 32 82 39 30 94 66 
35 19 49 1 100 23 7 80 45 39 67 8 79 63 67 15 56 23 63 87 0 85 45 95 54 11 29 20 85 97 43 24 9 3 95 97 88 11 99 22 13 3 27 94 75 7 13 34 91 19 85 35 24 7 15 39 38 65 11 56 89 87 49 94 15 83 45 93 42 57 79 68 43 77 63 70 77 9 29 71 74 33 97 49 60 69 31 93 0 55 7 82 9 53 29 23 4 35 95 89 46 89 49 70 33 29 37 66 41 31 51 4 29 5 67 85 36 1 37 87 54 95 31 92 61 11 17 44 
44 68 17 95 60 39 26 37 98 26 81 10 51 65 68 60 35 22 43 93 16 45 34 64 93 12 71 50 51 99 44 33 8 80 47 43 52 43 64 17 38 44 73 88 29 21 2 93 80 52 29 49 98 97 6 22 37 74 9 10 25 3 52 89 16 42 29 91 12 47 86 35 22 58 37 22 71 27 56 60 1 24 37 59 26 87 46 74 31 32 61 18 67 15 0 74 69 78 39 71 26 15 10 87 16 30 11 76 87 39 8 51 30 32 23 63 28 17 72 48 83 48 21 52 95 75 94 11 
98 50 25 5 16 13 84 1 2 36 87 42 85 13 98 90 95 70 55 63 70 11 50 14 17 28 41 62 95 51 4 9 84 94 15 9 54 25 44 37 76 66 11 26 97 1 78 87 0 82 9 7 12 59 54 88 25 56 95 64 19 3 36 23 24 72 45 51 80 47 44 63 86 66 39 56 41 23 56 48 21 54 61 5 56 11 18 40 33 46 23 86 13 91 92 24 65 2 11 49 96 31 10 27 34 22 85 56 17 79 88 97 36 100 15 87 84 7 72 88 33 80 79 52 9 25 88 47 
29 31 81 67 29 86 80 33 48 22 44 69 27 85 25 63 46 83 83 41 29 12 98 92 67 50 20 75 1 79 27 10 27 95 79 23 11 0 80 23 60 28 74 81 67 57 13 34 27 11 57 61 49 78 42 34 51 100 58 83 81 17 73 72 93 57 81 13 61 82 86 49 50 76 14 67 1 51 77 17 58 91 65 63 91 90 50 72 77 16 100 19 51 31 11 47 16 19 37 51 27 74 66 61 32 16 42 99 99 53 23 90 47 35 7 5 55 94 72 78 35 86 62 59 45 77 13 94 
77 36 40 12 60 39 89 83 66 31 15 26 66 98 60 81 20 28 98 56 88 17 53 78 73 5 41 94 48 68 66 10 31 74 94 22 80 47 43 11 78 89 95 26 70 6 74 18 21 68 84 30 88 5 7 96 5 43 15 82 78 14 24 72 37 26 20 22 84 35 3 5 12 19 15 8 62 28 26 95 12 60 64 44 52 91 27 2 51 41 35 62 90 46 72 97 68 22 10 24 100 95 63 93 74 31 81 52 4 24 56 18 7 50 70 66 8 41 81 100 83 75 9 30 92 32 24 66 
91 86 9 7 76 81 94 88 73 64 39 72 39 95 68 85 10 50 51 17 36 19 30 15 96 88 39 20 89 73 86 70 87 26 73 83 86 29 96 30 83 84 41 10 15 51 0 92 9 70 77 57 72 43 14 91 34 76 41 80 85 41 80 30 51 20 13 33 98 55 64 48 57 8 89 78 89 1 88 19 78 24 49 91 88 65 62 97 84 22 49 82 61 81 94 53 12 74 65 11 0 59 20 22 89 84 99 46 49 57 66 46 51 10 19 17 46 59 80 23 78 24 11 46 65 51 88 60 
39 98 25 89 8 59 24 48 21 6 77 92 67 87 74 87 80 68 63 75 84 5 96 73 4 34 69 48 31 69 12 4 75 48 97 9 86 99 72 0 85 4 47 80 1 43 30 100 13 38 61 67 4 17 14 51 50 24 87 52 37 79 82 96 91 88 49 79 4 77 84 42 3 46 95 22 51 13 84 61 86 2 97 87 30 17 84 25 92 62 91 52 23 97 14 3 62 8 29 83 84 41 84 4 61 12 77 4 99 73 54 70 49 32 79 51 30 61 18 49 82 4 89 26 75 99 92 72 
50 31 1 79 28 71 85 37 64 25 63 84 77 1 95 74 23 29 43 69 68 83 19 82 85 25 75 62 3 37 23 87 80 5 85 27 70 99 81 53 48 53 41 32 33 85 9 43 4 3 53 49 2 61 1 40 45 9 17 12 79 59 5 41 34 83 77 13 16 27 89 75 66 91 65 26 1 43 41 0 29 45 53 1 14 35 61 12 75 5 37 30 1 39 73 12 25 67 41 25 30 59 19 23 18 75 91 98 41 67 47 63 10 45 71 69 66 75 23 32 39 49 39 16 89 87 57 49 
44 30 42 53 96 50 94 83 86 86 36 6 91 34 74 14 55 68 82 7 20 6 64 10 81 74 78 100 57 88 46 17 64 72 88 97 72 74 18 3 70 28 64 6 91 40 66 29 44 84 90 43 66 20 26 92 15 86 0 46 81 22 28 33 24 18 96 27 82 58 78 81 96 54 86 74 53 26 24 38 49 22 76 59 68 2 70 22 1 44 16 36 75 68 30 76 97 76 66 7 14 0 2 29 50 40 8 94 67 90 56 55 4 90 22 87 52 16 76 68 77 16 82 22 9 60 76 15 
36 16 61 90 11 71 34 51 8 20 59 57 26 45 14 80 67 30 67 30 75 29 92 96 95 58 25 31 58 27 88 21 46 72 81 62 49 7 72 95 60 20 49 41 70 65 46 11 64 24 1 94 17 97 42 2 15 30 45 17 16 9 48 55 90 20 1 78 59 33 78 5 60 2 81 27 20 59 24 82 81 18 17 86 23 33 16 30 55 6 41 15 80 83 76 48 47 36 17 88 25 21 14 89 4 8 5 39 44 51 14 37 14 22 39 28 27 5 10 44 47 8 67 37 80 5 86 79 
56 82 73 40 91 95 18 99 56 0 57 33 42 27 88 6 61 0 67 6 61 55 64 26 57 48 15 59 16 47 4 71 22 40 25 34 11 65 84 61 44 0 15 73 94 15 80 51 22 24 61 90 85 21 62 24 49 70 35 89 100 45 46 29 66 18 21 64 95 87 48 47 44 44 35 47 50 33 80 10 39 44 53 28 19 99 66 84 19 50 39 95 48 65 20 56 3 30 45 98 51 39 96 39 34 54 47 51 16 49 80 21 26 52 15 8 43 75 72 2 59 28 1 61 16 69 2 53 
49 41 1 30 56 94 46 73 73 87 59 9 39 66 98 74 16 33 15 88 100 80 32 4 36 99 29 7 11 66 56 19 55 57 93 18 0 0 78 29 25 43 65 45 93 48 38 57 69 25 21 76 74 6 18 54 32 69 53 41 17 68 48 81 3 5 73 36 72 54 64 71 25 85 61 31 67 54 80 58 74 43 69 46 34 8 96 88 56 31 89 79 43 4 50 38 98 77 33 48 88 72 64 27 93 13 45 53 31 70 8 19 83 87 99 58 42 68 78 44 80 55 91 21 95 10 84 25 
67 78 62 91 71 95 37 56 86 98 28 64 80 35 55 9 57 72 28 79 61 93 71 33 27 78 88 16 86 17 57 76 22 38 86 5 23 51 11 96 54 76 50 26 52 87 71 8 74 72 0 57 45 77 9 49 59 48 6 10 100 67 63 6 76 26 76 51 1 13 53 56 66 72 62 92 78 77 79 35 47 38 54 91 95 33 73 39 79 10 40 4 14 49 1 21 47 18 100 3 79 57 67 12 0 6 0 6 80 21 53 90 34 94 72 55 55 29 77 25 83 72 20 0 72 75 59 3 
55 36 19 54 77 3 80 67 96 86 63 27 76 91 46 70 89 22 7 12 69 35 18 58 53 84 65 15 94 53 8 11 52 34 85 48 71 21 68 7 82 24 97 59 2 85 64 83 34 8 9 30 29 21 80 52 81 42 19 77 54 7 62 35 100 94 67 64 41 79 32 29 30 52 71 25 96 31 94 14 25 84 69 98 51 67 90 92 11 74 97 9 52 95 38 74 1 58 21 42 47 3 88 33 26 54 77 5 30 15 60 61 96 72 71 60 35 63 84 44 95 26 59 57 76 47 10 36 
75 34 39 48 5 85 100 83 46 8 29 63 24 29 26 72 83 24 83 4 21 15 6 92 7 72 91 81 70 71 40 71 20 38 45 26 31 69 100 35 58 32 91 3 20 81 2 43 44 22 33 24 71 95 34 28 75 36 5 65 98 15 38 93 6 18 19 82 29 67 4 1 4 22 41 37 72 75 14 100 21 56 57 32 1 61 88 52 81 94 3 97 68 79 46 4 97 18 45 22 43 73 44 41 58 98 19 25 54 83 72 3 40 22 19 40 93 83 48 14 33 20 25 9 0 59 42 90 
17 4 76 93 72 6 58 85 46 94 4 82 15 66 82 74 55 26 64 83 56 64 78 34 79 68 92 66 65 26 70 41 26 74 24 25 64 10 32 9 8 100 44 80 91 74 68 21 60 4 100 95 100 70 82 86 9 76 72 50 85 90 100 77 40 76 18 21 36 46 6 39 32 100 90 78 97 28 48 12 17 88 94 93 38 52 88 86 99 40 6 46 77 60 34 72 33 66 78 97 20 80 86 3 96 76 64 72 5 90 78 43 0 78 16 9 16 84 92 42 95 36 56 42 29 38 94 46 
49 65 27 27 0 31 53 97 54 77 81 98 25 89 57 60 23 73 69 61 88 15 87 2 81 61 71 20 95 51 13 21 22 9 97 15 12 25 49 17 0 37 79 72 9 75 27 15 84 73 87 93 72 85 5 26 65 11 49 36 13 49 79 43 84 53 31 39 32 27 17 39 86 91 21 90 71 25 3 48 5 47 63 67 78 27 73 46 83 85 19 68 39 5 35 12 75 5 5 99 60 7 11 75 18 43 11 8 95 73 25 33 100 91 57 89 62 35 19 94 69 83 33 54 99 41 27 78 
24 30 75 29 78 89 22 80 77 0 7 52 77 11 6 19 96 72 57 47 4 15 14 67 48 74 89 44 45 89 14 68 35 90 9 37 36 17 52 0 73 76 85 88 87 43 36 80 33 0 83 87 80 31 14 69 2 2 19 28 15 5 12 70 93 46 83 31 42 91 36 18 33 74 15 32 49 53 56 33 24 40 63 5 56 57 56 79 90 0 45 94 9 53 64 63 92 28 73 45 98 93 42 96 37 22 69 36 85 25 52 84 7 74 17 75 82 51 6 97 70 50 99 0 89 93 90 21 
4 90 83 91 60 71 48 22 63 18 41 76 99 87 88 29 38 90 89 37 90 73 26 39 46 72 43 94 21 57 80 90 59 6 57 15 58 83 40 50 17 22 97 0 87 39 84 24 21 26 19 41 74 37 24 47 36 20 85 24 69 19 2 42 15 44 47 93 14 9 58 90 55 96 45 70 19 61 6 87 54 10 67 79 98 45 80 39 70 30 93 10 75 97 74 77 80 62 73 83 6 1 76 52 75 100 87 50 51 69 86 28 79 4 69 81 20 45 10 39 32 4 9 8 61 87 84 45 
64 72 60 8 34 95 15 63 34 93 75 52 90 88 14 49 88 48 34 100 56 67 77 40 25 5 97 86 16 30 48 28 83 44 78 72 44 65 73 11 78 25 67 76 88 8 94 72 45 36 24 38 94 89 75 34 41 81 71 76 88 48 92 48 55 32 72 76 90 51 63 63 52 31 43 6 6 24 68 15 58 38 0 96 70 23 65 50 7 41 55 54 52 78 50 77 96 16 20 64 96 71 45 51 78 23 25 94 16 22 72 52 47 14 34 38 70 31 91 14 93 93 27 54 88 30 46 67 
74 3 63 47 87 30 28 1 80 18 0 59 11 93 65 23 68 47 49 1 93 48 48 0 47 76 30 33 77 51 75 88 1 19 81 99 27 4 16 33 38 62 2 43 15 53 83 2 39 23 63 13 81 20 6 34 95 30 96 89 97 91 67 56 55 89 67 37 35 86 2 35 60 82 78 49 13 43 59 69 82 57 27 61 3 62 52 38 17 4 24 9 57 91 87 67 20 15 41 45 31 34 8 87 60 36 30 77 41 27 9 82 25 19 81 17 63 20 20 58 53 20 36 87 89 23 75 41 
87 26 91 73 56 39 38 41 60 6 47 96 97 85 38 40 63 78 29 43 18 49 36 20 89 88 45 52 3 31 66 19 80 98 61 77 88 51 48 45 10 0 43 62 49 17 44 99 10 96 11 7 34 57 40 16 77 62 43 62 85 85 58 5 22 38 83 83 56 93 54 99 70 84 71 68 55 39 80 46 17 14 47 83 92 77 92 98 59 78 11 50 15 39 94 30 29 42 9 11 80 65 18 95 6 18 25 70 23 23 2 23 74 38 61 79 28 45 98 18 51 100 43 84 67 45 98 74 
85 18 75 3 90 29 50 39 68 24 57 34 21 69 12 70 67 42 21 17 98 23 76 74 57 0 19 66 45 15 36 9 86 72 75 71 22 61 76 47 8 48 45 18 27 57 50 17 22 18 47 61 34 17 68 100 37 70 57 60 47 65 38 61 90 0 39 49 28 27 16 41 48 76 29 68 97 33 22 62 97 84 31 89 22 51 68 52 29 42 57 44 77 83 96 90 97 100 15 9 94 75 34 97 40 8 63 56 65 73 74 51 48 12 81 49 60 55 80 66 85 50 55 32 49 49 0 34 
62 33 83 61 48 53 59 4 81 43 97 78 3 43 3 93 74 37 21 19 34 55 41 31 26 47 73 100 69 29 29 2 3 23 19 29 94 85 97 88 65 95 55 46 19 99 31 52 21 73 7 79 74 15 23 59 36 99 99 92 21 97 3 48 65 37 35 83 64 65 83 32 75 89 19 76 95 93 95 89 66 67 15 91 82 65 67 11 24 59 51 96 83 53 53 71 56 9 87 27 40 73 17 46 5 81 65 78 19 33 29 70 99 55 73 55 42 51 89 95 94 79 85 100 81 93 23 47 
86 42 64 61 78 14 100 14 63 56 6 16 17 94 28 15 48 70 2 1 44 8 0 5 48 90 22 24 35 62 60 80 75 50 86 79 14 100 32 56 47 56 72 18 49 42 36 44 21 86 74 7 44 54 30 87 68 38 70 70 91 54 34 22 7 12 22 5 48 56 38 56 27 4 96 54 83 40 34 17 50 26 18 49 34 58 30 81 18 46 50 60 97 36 42 11 78 26 82 1 78 62 70 10 87 2 68 50 61 86 96 34 51 100 72 65 10 56 70 83 22 54 52 30 11 54 24 29 
64 6 31 58 81 53 64 72 49 46 69 99 28 47 84 1 90 40 85 20 95 39 82 37 80 32 57 9 54 1 76 78 31 28 79 74 97 1 22 84 55 32 75 7 72 3 66 50 73 70 91 42 43 21 44 21 72 10 67 35 46 47 44 86 47 20 91 64 1 67 88 86 93 46 83 93 26 93 34 99 90 86 63 12 41 71 78 13 40 36 19 57 58 25 58 81 86 98 63 42 9 23 16 42 65 96 41 9 50 43 14 100 83 86 97 82 89 15 18 61 54 44 85 7 60 39 54 89 
10 8 87 72 9 77 88 94 89 64 23 17 44 9 46 25 12 32 9 80 59 3 2 93 18 18 95 5 6 91 72 72 17 44 35 64 1 41 32 38 21 96 17 65 82 73 84 58 89 36 99 50 11 59 58 17 6 78 97 7 6 51 98 82 11 48 71 24 77 33 40 92 87 82 37 11 66 7 30 87 68 100 67 52 1 61 80 99 58 10 45 33 18 95 46 49 100 82 35 34 61 29 70 14 61 28 35 31 100 39 92 4 25 56 49 42 97 47 64 89 6 30 47 87 0 87 70 91 
31 87 15 2 20 86 94 0 92 1 25 45 37 88 4 99 68 10 20 11 47 65 49 98 54 54 38 30 100 31 49 63 78 15 79 52 2 24 84 96 6 69 27 5 59 42 96 70 3 92 6 81 99 53 11 16 72 10 98 56 90 91 35 83 20 11 47 62 36 0 98 0 20 99 47 3 57 14 46 29 12 82 80 3 33 53 47 66 78 12 80 70 18 31 79 34 5 91 99 68 64 10 88 100 30 99 35 35 97 52 22 44 81 68 10 23 53 5 81 88 52 72 64 10 38 41 59 82 
33 56 94 73 67 45 7 71 9 94 98 12 4 1 97 83 58 65 93 94 46 50 58 55 33 17 73 95 49 18 46 15 42 88 22 57 49 21 85 67 7 6 0 58 14 5 11 26 31 69 27 64 92 34 44 27 15 51 77 31 93 96 24 37 14 46 34 89 71 71 43 41 53 12 20 34 96 31 1 75 42 31 35 6 22 38 46 69 25 1 85 3 23 70 96 46 77 64 44 25 5 63 93 97 45 2 20 24 72 61 51 24 5 83 29 62 80 100 18 19 1 89 87 27 77 8 48 84 
45 0 59 30 3 17 84 94 97 0 25 29 52 35 90 10 35 8 89 18 87 7 54 45 50 68 31 7 20 9 52 89 38 2 67 86 85 81 100 16 13 92 79 69 80 71 86 61 40 74 23 16 75 55 66 63 68 52 83 87 40 37 68 93 64 48 27 100 63 17 46 28 75 26 11 95 26 73 92 0 41 72 55 96 85 61 88 1 46 60 19 31 16 69 48 48 87 28 35 32 81 41 26 72 13 2 19 55 80 21 94 91 42 66 45 18 11 19 38 49 34 60 1 95 42 85 34 0 
49 44 91 12 79 19 98 84 87 26 83 61 42 71 78 48 77 56 1 88 5 25 68 65 34 40 57 11 48 41 100 49 20 46 59 94 49 71 26 96 43 82 53 77 60 27 62 39 10 66 75 52 37 53 82 17 94 44 97 99 52 5 22 79 14 88 43 88 3 9 32 62 23 82 53 3 30 97 96 60 39 32 35 42 19 17 92 13 60 24 77 83 14 17 12 64 7 0 27 28 87 53 26 74 47 16 37 11 82 1 48 33 28 96 53 84 99 41 80 1 98 66 79 83 42 95 12 86 
37 50 58 35 8 56 98 80 37 38 30 16 93 0 48 20 9 0 82 97 56 92 38 51 52 96 38 58 27 54 84 27 84 24 78 83 14 28 64 38 43 60 50 72 53 48 36 91 58 36 32 37 76 84 72 45 82 70 88 78 23 10 8 93 90 16 12 21 44 30 60 14 9 34 40 58 99 48 90 0 27 70 44 75 50 78 44 91 100 56 30 78 63 100 10 22 23 84 68 43 40 66 36 8 29 64 10 12 67 64 88 45 72 56 86 97 100 84 96 61 18 98 66 78 99 24 82 0 
83 7 53 93 66 17 55 10 65 71 51 6 5 85 49 58 9 59 37 71 44 5 5 47 48 27 13 50 89 49 87 99 16 15 71 65 78 21 37 38 97 91 25 46 55 77 73 77 22 51 91 63 82 39 11 59 74 5 71 88 75 83 5 61 12 49 45 63 70 97 83 24 79 49 75 64 17 79 85 16 87 1 91 9 38 17 91 47 72 71 73 4 9 23 7 16 1 67 63 49 22 97 5 70 57 61 17 6 85 27 3 55 26 63 37 23 100 73 57 55 8 53 83 86 13 87 81 44 
70 40 77 11 36 51 76 23 68 16 37 36 43 77 44 65 66 36 25 73 62 81 4 98 77 2 43 12 61 79 60 24 41 40 47 79 32 63 0 19 78 58 55 56 75 53 30 10 83 36 5 33 26 97 48 0 93 28 57 62 65 51 28 54 79 32 97 29 96 57 92 87 62 36 21 22 3 87 62 75 100 96 49 79 80 87 48 78 31 32 39 12 19 47 50 25 44 36 35 59 94 77 0 67 4 98 67 74 51 91 44 50 33 46 67 29 94 85 72 70 43 14 69 14 87 93 64 31 
32 96 57 65 8 41 6 69 8 54 23 74 77 17 50 99 86 22 51 11 28 51 66 82 35 68 1 96 63 35 26 42 69 94 55 85 46 37 28 41 44 38 37 60 37 41 72 58 87 50 73 27 96 59 80 36 67 14 31 46 91 33 68 58 77 74 81 51 48 79 4 3 72 82 79 30 75 51 92 97 80 56 1 3 84 35 84 62 93 12 65 72 9 91 76 91 0 98 11 91 62 51 100 75 70 68 77 38 37 83 48 64 89 44 79 71 74 95 90 74 5 24 83 26 35 85 54 1 
37 45 37 39 53 96 64 61 36 14 32 25 79 95 29 14 79 71 39 57 19 68 8 28 55 40 56 47 89 79 43 15 60 79 47 31 71 64 78 53 14 22 2 1 55 87 75 87 14 53 89 85 39 62 78 12 7 86 96 81 21 89 91 29 18 21 73 21 73 86 88 59 66 68 100 19 13 73 3 94 37 67 57 81 9 94 16 86 7 94 20 7 73 41 95 86 1 69 7 57 41 16 46 67 18 44 16 51 5 57 63 19 30 55 55 29 37 22 58 68 3 74 42 41 49 5 9 78 
69 82 10 40 84 79 39 87 52 79 67 52 68 42 10 82 15 82 30 30 66 29 73 90 69 11 41 28 32 74 68 29 4 10 30 8 64 3 91 79 10 11 79 74 44 52 42 57 94 28 16 48 74 21 59 32 89 95 95 92 68 52 94 17 28 10 94 100 58 77 7 13 14 41 95 26 96 18 22 12 23 8 4 72 78 43 39 54 95 87 99 58 44 46 10 28 3 4 14 42 48 39 93 5 30 5 93 68 82 22 26 27 90 56 82 90 0 61 93 12 3 3 35 4 16 90 24 2 
33 4 13 99 70 41 80 52 5 88 77 38 77 43 42 4 41 64 95 37 68 7 86 55 18 96 83 38 69 13 60 21 92 56 43 75 96 1 46 12 41 64 9 56 59 87 32 13 86 42 25 77 6 51 76 91 100 86 93 38 91 19 76 99 34 78 49 5 88 71 28 18 45 48 53 62 29 25 16 54 95 90 9 89 88 47 42 11 78 38 81 44 93 77 50 48 55 60 91 37 30 59 84 64 37 26 95 100 81 85 72 65 10 94 71 97 68 39 30 71 100 80 93 10 53 67 70 94 
63 2 45 3 26 45 54 36 55 88 91 22 3 87 60 88 93 22 11 47 78 57 54 41 32 8 97 84 49 65 66 15 42 6 39 61 44 43 12 12 13 44 99 76 47 77 86 27 74 20 89 89 70 99 42 19 78 86 95 8 77 75 82 9 94 64 81 91 50 25 20 8 43 54 35 40 83 67 30 60 95 44 81 19 4 81 80 41 32 8 59 4 67 91 80 98 75 12 15 87 50 21 32 60 19 90 25 32 31 51 96 57 96 68 51 23 50 93 12 51 70 36 79 22 35 75 20 18 
24 87 65 53 0 79 57 29 50 5 5 34 97 65 9 43 72 39 31 77 64 77 3 38 53 61 67 30 51 79 59 46 41 75 3 15 24 83 99 93 86 53 73 94 29 61 77 64 13 3 25 55 52 73 41 10 25 15 53 4 19 39 33 6 95 55 9 49 30 69 41 27 58 35 53 18 47 79 73 35 2 65 1 21 86 95 45 58 31 53 5 24 29 75 39 21 28 91 11 5 70 23 7 47 96 3 55 56 37 7 47 64 49 85 11 45 28 81 9 60 9 77 77 14 87 39 77 33 
30 58 62 83 70 24 50 77 42 90 88 54 11 56 30 41 52 74 28 23 32 2 0 90 27 66 38 84 17 92 24 96 77 88 80 85 44 22 50 89 30 60 18 38 55 66 68 62 55 58 6 65 84 54 74 78 87 34 8 24 61 78 68 98 19 0 56 27 4 94 82 9 94 28 14 54 1 24 54 79 80 58 90 15 40 38 88 88 57 60 42 44 97 68 48 37 94 44 54 3 88 40 50 57 96 14 94 72 5 38 30 16 69 78 66 91 24 72 54 34 45 2 56 14 25 18 80 87 
0 26 61 8 19 97 26 71 82 44 23 83 56 33 24 35 38 100 11 24 5 85 50 20 63 58 23 83 40 55 62 90 21 66 69 32 83 39 56 43 54 30 53 59 90 11 20 98 59 34 81 36 33 63 92 12 5 20 49 1 18 17 62 0 45 86 65 54 47 81 68 5 96 70 97 49 16 85 24 61 70 76 85 12 31 17 90 44 19 60 17 43 68 97 34 71 80 44 37 40 63 69 16 1 72 48 23 41 48 77 32 64 45 62 59 8 31 5 28 32 23 78 19 77 0 33 20 1 
32 92 41 74 35 59 20 27 58 12 17 75 86 59 98 43 76 6 19 30 25 37 80 14 93 80 37 21 76 69 32 30 57 52 33 78 87 75 100 15 60 80 11 7 46 43 92 48 11 12 97 16 45 5 60 86 57 50 47 53 92 21 14 4 33 68 25 18 19 61 32 29 74 14 39 45 80 53 84 1 94 76 33 56 55 19 60 92 79 52 99 81 60 93 10 19 92 98 41 46 99 87 78 37 42 84 33 21 86 25 96 32 61 22 47 56 51 93 64 32 1 64 45 53 34 97 30 69 
14 0 50 49 15 49 49 74 60 92 46 62 78 55 91 94 60 4 52 19 45 43 91 1 35 24 80 74 10 57 47 9 18 65 9 52 62 20 38 81 9 39 65 91 7 90 78 0 68 33 85 18 24 40 82 20 42 65 69 49 89 50 16 90 13 36 68 93 33 51 21 78 24 42 52 98 62 29 93 64 60 14 8 53 71 11 57 13 33 18 0 14 16 5 17 94 11 73 69 96 60 44 24 39 93 21 39 37 59 30 98 52 66 5 91 86 58 0 48 8 16 37 27 49 23 64 92 7 
78 95 1 52 36 74 18 29 91 91 9 35 77 16 20 5 61 83 7 52 22 10 58 70 46 51 9 69 39 38 64 17 86 30 18 11 99 59 11 28 74 2 0 76 76 79 89 41 89 52 32 5 65 3 3 45 93 4 50 48 92 27 13 44 39 91 37 74 42 66 88 23 71 17 27 33 95 48 84 41 67 53 21 46 26 2 74 22 74 3 11 77 25 12 4 40 35 18 54 19 11 45 67 54 16 96 20 86 38 7 1 69 31 68 74 75 7 17 1 81 27 0 88 2 76 23 83 87 
99 34 85 24 29 39 50 61 48 32 3 35 2 25 88 99 46 40 27 16 71 85 2 34 33 44 79 97 86 75 28 83 52 44 53 2 3 23 50 75 82 88 17 35 66 49 76 52 53 0 57 80 59 65 86 86 93 82 17 41 16 99 84 1 42 64 5 22 29 77 18 57 68 22 89 73 94 35 4 49 92 22 21 40 81 87 22 62 13 82 57 85 18 11 38 10 99 32 81 98 69 47 100 73 8 10 37 61 74 79 30 10 23 16 35 90 13 1 34 100 5 80 55 89 66 7 44 26 
99 94 85 24 49 61 92 75 48 24 1 47 48 81 4 19 82 26 99 18 51 31 98 66 7 84 91 89 0 87 86 83 2 46 57 70 53 73 4 95 28 66 19 99 18 9 64 28 11 20 21 14 7 99 14 22 95 60 87 49 88 93 62 53 92 86 33 12 85 95 98 9 8 22 35 37 86 67 14 35 26 22 85 56 33 39 50 6 53 74 95 65 28 47 52 24 5 90 29 40 29 15 26 29 82 0 79 37 62 55 0 82 85 24 63 38 85 15 54 74 45 34 65 93 78 61 64 8 
3 14 66 45 74 42 14 23 44 74 86 22 37 50 12 29 86 14 84 79 14 82 78 44 65 36 98 54 85 68 22 41 84 94 36 77 22 86 80 51 12 68 62 58 59 100 64 10 39 74 42 15 56 30 10 42 85 4 62 2 39 52 26 67 12 66 18 67 68 100 90 15 80 62 70 44 77 42 92 51 62 18 100 73 48 46 6 40 43 32 54 84 17 76 64 96 21 30 16 49 26 66 36 43 8 26 42 56 97 54 42 64 21 86 78 79 34 74 56 100 11 70 2 52 89 56 46 44 
53 5 85 43 34 51 1 17 16 59 57 4 79 99 79 3 52 57 27 93 10 41 79 56 85 13 79 24 25 45 97 31 58 57 21 83 18 23 67 1 70 27 31 32 63 51 59 44 75 81 33 65 44 49 81 82 61 91 43 26 17 65 99 55 22 3 73 65 50 95 77 99 32 89 51 64 63 17 7 45 56 15 41 95 34 67 33 2 89 41 35 12 67 85 89 48 25 89 93 85 22 79 95 19 98 27 71 78 51 29 41 10 89 77 59 81 38 29 57 58 45 51 53 2 75 9 43 68 
22 62 57 17 20 45 84 66 5 96 95 28 13 15 18 6 75 30 99 99 30 63 90 33 6 66 49 70 27 37 72 44 67 6 9 5 30 25 2 82 65 8 77 58 53 87 28 63 98 20 53 55 74 55 48 73 64 64 73 84 91 85 92 52 41 72 43 79 8 51 36 74 11 12 73 6 67 73 70 10 3 8 37 3 90 7 70 87 46 38 45 48 29 1 52 3 100 68 57 99 50 59 26 56 53 70 61 2 93 57 76 43 28 20 47 19 12 63 62 61 82 58 95 10 63 99 10 9 
22 90 71 71 62 51 100 76 63 10 73 48 91 87 76 86 93 36 31 5 80 65 62 71 42 82 63 32 69 45 86 70 95 12 49 95 62 91 6 34 43 86 99 72 87 11 84 69 72 74 29 85 24 95 8 89 66 6 89 100 33 23 78 46 29 24 27 45 20 1 82 90 39 46 21 56 61 29 44 44 23 6 97 9 56 17 22 91 2 56 99 46 57 25 94 9 34 30 89 21 60 41 78 58 51 46 71 42 41 75 22 75 8 32 87 1 26 85 100 91 60 62 1 68 81 63 44 79 
66 38 80 40 26 7 23 55 46 25 47 20 2 84 96 28 21 76 62 18 48 65 47 28 37 61 73 96 80 18 84 48 71 94 56 100 60 27 65 55 66 9 89 20 82 26 40 25 48 82 72 24 54 37 9 92 67 89 91 100 66 50 68 76 71 100 90 94 2 43 1 61 34 79 95 42 68 30 90 68 67 46 22 84 74 71 1 44 13 5 45 22 50 44 14 79 68 18 56 50 36 39 29 73 40 3 49 76 28 98 58 77 62 76 98 88 40 5 7 60 65 29 55 32 54 76 84 11 
96 13 51 83 19 48 56 71 24 18 34 91 37 93 89 16 89 19 13 89 65 88 88 68 55 64 68 45 21 55 45 62 79 39 57 71 7 4 74 17 90 98 16 43 67 25 47 91 56 31 19 11 25 78 90 50 19 10 82 39 79 83 67 94 87 61 55 17 99 80 42 99 66 30 94 93 1 95 83 64 99 31 87 81 43 60 96 18 41 52 36 69 57 3 91 47 54 13 41 45 7 4 8 15 80 10 86 49 5 67 17 65 96 3 21 37 15 36 68 80 67 42 60 27 9 41 99 45 
63 36 23 7 58 15 58 61 82 14 47 70 23 89 70 95 32 78 65 11 74 37 16 56 41 30 9 96 59 95 2 7 78 16 53 61 54 91 32 81 40 84 49 12 11 21 8 76 35 36 75 81 82 71 66 40 33 14 15 26 77 57 82 17 54 58 43 19 32 33 32 43 78 18 31 80 83 87 92 47 2 14 99 39 66 61 52 38 95 62 1 30 59 47 8 12 1 96 45 75 42 33 48 11 86 26 89 0 3 13 64 54 93 88 29 23 10 17 72 2 39 30 87 0 39 37 100 28 
37 62 83 29 16 47 76 45 86 10 81 66 77 63 52 89 44 26 13 77 64 77 20 32 65 30 91 18 47 65 46 61 76 18 93 63 92 75 72 77 46 62 59 10 45 95 32 40 59 64 27 75 58 25 78 10 23 40 33 16 83 93 58 19 60 94 39 89 8 7 88 49 10 52 13 6 75 21 94 79 52 54 19 29 68 27 12 0 65 30 29 52 49 93 14 16 69 16 49 61 94 23 22 61 2 70 27 52 77 21 64 22 5 62 37 25 92 21 66 34 45 78 57 70 35 37 92 36 
28 37 11 71 80 1 59 32 57 39 15 20 75 95 79 64 31 73 21 39 52 87 93 7 80 11 89 20 65 25 53 34 37 1 73 5 56 69 5 58 37 79 19 98 3 15 13 83 46 21 15 1 34 71 71 63 10 5 59 72 21 37 35 58 45 73 71 71 8 55 19 58 71 41 7 26 1 69 99 64 65 51 27 51 26 87 89 67 90 23 71 86 71 17 41 83 42 81 57 27 10 63 61 38 41 69 85 100 37 57 49 5 36 79 41 75 14 11 27 31 84 97 83 82 33 71 67 59 
76 48 78 49 12 48 38 38 27 58 14 42 29 40 20 8 73 98 4 95 80 60 58 87 24 30 64 0 51 96 84 70 47 48 66 29 48 66 56 22 39 52 46 76 33 74 52 99 54 64 26 7 20 88 96 95 56 92 58 28 55 4 22 24 37 50 38 5 0 90 4 30 59 90 86 34 31 46 24 38 51 84 78 93 78 8 84 21 20 46 82 56 95 76 46 15 0 46 72 49 30 8 36 60 51 2 24 24 51 18 2 59 48 96 94 61 40 28 74 71 6 30 86 44 15 68 80 25 
94 42 91 68 33 67 10 10 73 88 23 9 4 49 76 28 61 76 53 62 71 59 88 41 84 50 81 15 58 41 36 20 67 100 17 68 57 59 12 38 17 80 31 37 6 13 48 21 76 36 11 48 43 77 28 31 48 26 7 43 80 63 52 34 39 32 79 66 5 3 64 20 61 44 95 59 84 83 36 72 51 4 31 50 65 39 52 17 72 94 51 19 54 91 98 61 72 50 13 50 21 27 56 82 65 32 33 83 32 99 60 51 74 76 65 32 45 3 84 81 38 22 27 67 46 23 30 47 
64 92 59 12 41 45 6 6 3 68 21 45 60 81 80 60 77 98 29 16 23 63 80 69 74 42 99 47 12 19 76 78 55 76 37 44 49 97 22 50 37 28 21 53 76 77 94 89 42 74 27 58 83 35 56 17 68 4 25 47 100 31 52 62 47 94 59 70 45 27 74 26 11 54 17 87 80 35 76 6 35 44 67 2 89 57 46 37 84 40 25 87 14 19 8 55 92 96 11 0 37 43 8 98 63 80 59 15 18 51 78 33 4 22 65 22 77 75 66 93 28 98 5 11 6 77 82 31 
70 80 68 7 75 67 91 89 3 76 84 66 54 45 99 91 36 31 37 14 4 56 96 71 21 5 21 35 3 12 76 40 45 4 16 59 5 3 53 87 35 54 80 76 30 97 71 0 71 63 55 28 56 22 78 61 41 39 87 35 95 90 50 22 75 52 66 29 87 13 63 33 69 90 42 18 46 63 39 49 54 69 87 72 60 38 50 43 99 5 59 31 65 48 88 27 88 94 14 11 77 49 13 25 47 30 4 90 16 27 25 48 93 3 61 4 44 20 2 97 47 51 97 83 75 0 0 69 
20 53 63 12 0 2 88 30 60 61 43 49 79 44 38 95 56 38 30 75 67 79 43 96 0 88 74 46 62 99 75 50 93 41 19 66 58 82 4 10 40 57 81 57 23 0 96 6 99 52 100 83 59 81 69 54 18 2 86 24 36 5 31 46 91 83 39 16 8 84 56 80 56 11 49 75 45 76 18 55 46 94 74 37 39 59 21 44 6 88 30 94 26 53 31 53 88 73 11 98 6 100 84 68 64 7 11 23 39 54 88 38 9 12 48 11 3 47 3 90 86 10 82 6 0 37 85 61 
73 8 7 50 11 5 74 70 59 52 61 89 24 75 80 33 20 76 33 30 57 99 52 61 76 30 97 7 80 13 80 37 86 72 99 70 83 9 8 64 69 22 59 25 2 71 74 8 43 2 43 36 93 31 30 99 60 2 55 67 28 93 6 7 24 2 19 44 87 83 38 34 75 4 55 63 34 45 74 3 32 6 7 54 59 13 44 41 98 56 51 15 40 25 52 32 73 86 47 2 23 13 100 76 19 42 97 59 46 73 14 48 77 44 41 26 67 31 58 83 8 2 93 83 94 65 28 32 
41 56 79 2 23 55 24 28 75 68 15 41 88 27 50 67 24 4 9 72 53 17 38 21 72 74 51 91 24 85 42 35 66 8 87 78 55 95 80 20 83 56 97 89 46 3 94 92 75 98 87 78 29 29 88 17 50 44 1 59 98 59 8 75 22 84 63 18 15 21 50 66 81 64 45 67 74 61 62 65 86 42 31 44 31 73 46 29 12 10 5 95 2 53 64 56 55 48 99 74 11 21 88 46 79 20 47 15 90 81 20 14 83 78 5 22 91 33 16 65 94 40 47 83 54 27 40 26 
65 64 50 59 60 86 8 18 17 64 56 14 99 74 20 15 56 82 12 49 28 48 88 53 6 58 64 70 11 84 28 95 14 44 42 59 26 54 20 94 17 92 24 54 65 40 96 74 85 84 74 49 32 72 42 29 28 46 42 94 77 82 38 29 52 84 80 45 98 70 86 80 53 2 68 0 71 76 44 69 70 92 4 41 74 72 24 11 98 78 74 78 95 64 32 0 35 22 70 61 70 96 34 34 81 36 50 70 27 74 36 66 27 40 86 61 68 72 10 13 42 64 60 38 55 0 82 42 
7 95 67 37 0 53 99 100 99 5 15 60 97 37 65 1 52 95 21 15 82 31 65 31 94 5 41 64 31 79 7 49 84 71 47 13 80 85 13 88 37 61 29 0 85 33 59 98 61 99 79 43 54 83 39 37 58 5 9 72 95 15 77 93 2 93 83 23 60 83 55 40 91 67 93 52 33 91 1 75 30 51 55 63 62 61 49 47 24 33 53 56 61 19 7 80 83 1 59 55 6 61 5 2 95 35 37 40 41 31 87 34 19 31 41 67 76 83 39 71 44 29 59 26 27 43 61 14 
74 14 35 67 76 23 30 71 16 100 45 98 35 61 30 92 81 28 21 85 52 53 64 58 17 28 79 88 77 91 46 44 87 100 27 91 74 55 96 11 16 50 7 8 55 97 20 25 40 24 95 89 70 33 6 60 37 30 3 0 81 53 44 78 27 76 39 93 82 49 16 5 16 74 31 50 85 31 20 2 59 98 55 73 26 57 6 68 83 38 11 10 87 91 10 75 2 90 79 65 68 17 68 25 80 6 83 92 59 59 84 97 84 66 77 89 28 37 64 70 89 48 69 0 29 97 20 91 
18 90 15 53 8 55 64 95 20 0 23 20 57 25 54 64 7 46 1 87 84 75 2 30 51 32 37 22 79 99 0 92 93 36 79 33 50 29 62 21 34 26 85 0 77 35 12 3 98 64 31 91 96 53 10 26 71 64 85 96 51 85 24 24 99 14 95 43 26 27 24 83 52 2 73 60 11 65 16 42 93 28 7 59 2 59 90 22 57 26 29 44 71 53 10 35 20 80 63 11 90 99 100 75 18 100 25 76 99 69 48 65 48 34 45 31 26 59 30 48 13 84 35 54 55 73 92 9 
3 97 31 53 17 14 76 13 4 76 70 93 67 99 17 47 96 53 45 81 47 30 80 2 5 0 34 7 73 61 7 51 34 25 19 83 17 12 4 1 20 22 54 89 91 99 7 58 51 57 35 35 23 42 54 80 81 4 34 25 91 25 39 29 92 57 55 93 29 40 80 7 50 54 94 11 25 25 3 31 76 15 59 53 77 86 6 38 75 56 90 11 37 33 35 20 25 17 7 53 57 76 22 99 38 48 20 31 73 65 85 66 53 71 77 33 25 30 6 2 43 14 72 21 13 61 61 90 
85 8 10 96 10 7 7 17 40 79 47 2 10 62 36 69 76 40 16 84 30 5 9 98 85 35 49 68 4 60 44 65 50 72 78 30 0 67 13 85 66 79 97 36 94 24 30 2 31 74 16 32 72 93 91 8 49 35 99 74 6 54 58 87 84 18 74 62 88 97 27 29 6 57 27 56 94 40 84 83 94 10 26 48 38 77 63 50 65 95 37 46 62 36 72 52 17 60 58 52 50 1 13 53 0 77 93 92 12 58 56 36 45 86 40 98 54 61 5 74 65 95 31 42 68 14 64 16 
33 94 69 53 68 15 64 98 25 64 21 58 61 83 66 67 16 82 89 41 28 99 76 95 2 10 47 88 91 13 94 15 32 0 47 71 6 81 46 44 29 82 7 54 65 71 12 36 65 90 19 99 50 73 50 91 74 12 65 96 59 91 10 3 20 46 5 1 82 15 56 68 19 62 5 40 57 79 46 77 84 2 11 1 18 55 18 99 20 28 83 78 21 69 10 46 63 58 11 37 60 91 12 54 13 32 15 44 45 99 72 80 63 42 37 1 48 23 64 11 18 20 65 16 7 23 76 56 
33 70 29 95 100 73 8 100 43 14 23 38 67 45 86 55 84 18 59 69 54 31 74 71 52 32 25 84 37 55 16 91 36 22 19 99 4 37 96 32 51 18 85 50 31 81 28 48 41 64 41 89 90 15 66 87 38 0 27 48 13 23 4 45 84 52 37 47 96 35 6 10 27 84 51 84 77 79 10 61 92 78 77 55 58 65 8 41 50 74 1 60 31 19 90 16 43 26 67 15 14 73 42 74 71 20 85 28 27 51 66 92 91 64 55 99 26 71 74 19 76 44 63 92 25 39 8 56 
66 95 21 77 22 71 89 97 62 21 69 100 85 9 45 60 21 83 23 7 92 37 61 2 37 17 79 38 67 19 83 32 59 39 71 69 30 71 3 21 8 1 75 16 89 5 83 61 34 79 41 95 58 69 87 90 69 15 49 56 43 13 43 70 47 53 69 9 92 93 59 39 56 83 37 62 99 91 23 88 67 93 65 33 92 41 91 6 69 13 67 50 43 47 99 9 90 83 83 13 4 25 27 35 98 31 27 66 71 19 91 83 46 73 87 13 44 85 9 44 13 63 29 64 99 21 1 79 
60 80 50 35 46 52 54 45 44 26 86 46 3 66 98 100 81 4 70 65 74 92 18 22 55 94 42 42 77 92 74 68 25 96 80 43 16 92 92 45 50 4 52 2 63 32 28 53 62 28 80 25 50 20 40 78 75 26 12 96 91 56 44 24 3 76 14 15 76 62 0 91 74 2 100 14 29 22 92 38 77 70 74 43 38 90 60 18 61 78 16 60 49 24 26 7 100 2 78 99 54 28 76 59 90 28 4 74 33 42 2 17 96 12 98 67 100 94 70 56 27 4 30 36 97 66 66 3 
28 74 61 48 3 93 6 85 18 42 29 31 68 51 84 80 15 88 59 100 25 83 86 12 61 78 63 37 2 89 40 42 1 98 51 86 75 25 82 39 36 44 49 79 74 55 90 51 44 88 37 40 21 75 100 88 77 44 21 45 16 5 2 2 87 84 81 14 23 1 64 57 34 82 25 61 66 49 64 78 9 40 25 88 59 57 56 72 99 52 85 17 6 1 90 79 58 82 3 88 47 9 30 85 60 66 79 89 96 53 86 65 72 36 39 18 3 63 22 90 55 100 21 45 40 53 20 65 
46 78 5 56 37 11 92 83 0 40 55 11 58 59 90 74 39 20 3 10 61 73 100 20 17 76 29 45 14 1 48 28 13 88 15 28 95 83 46 83 36 54 3 55 66 11 82 65 6 36 5 38 33 77 44 10 43 56 47 57 20 95 44 68 9 44 77 92 21 53 4 45 76 18 43 97 10 61 8 90 77 14 65 10 67 5 80 22 33 40 71 5 74 77 86 65 88 88 87 16 83 61 8 49 100 34 53 33 40 45 82 47 4 72 51 62 23 5 10 86 41 46 3 21 66 59 62 13 
89 73 13 4 74 60 98 39 21 25 33 51 71 26 30 70 84 89 27 48 30 28 64 92 36 5 35 49 65 12 2 12 24 13 27 16 10 8 14 75 93 29 89 31 55 26 80 97 19 45 65 84 26 58 72 6 100 93 77 93 1 62 34 20 57 66 0 67 29 51 65 68 28 22 84 48 22 53 89 55 5 8 30 69 87 7 23 97 33 42 30 8 60 77 15 72 54 24 82 13 95 31 23 0 44 6 84 64 8 7 63 98 20 78 44 35 1 43 9 11 71 62 62 62 48 75 61 8 
97 96 68 95 5 65 43 96 4 48 82 88 90 93 11 83 85 24 96 57 55 75 89 85 21 50 72 54 34 35 25 43 43 32 100 27 19 33 47 94 50 14 22 30 8 93 57 46 2 48 60 77 3 63 55 21 5 16 86 44 72 55 89 24 57 9 53 46 0 88 80 83 11 45 67 13 11 22 38 60 32 69 73 68 10 78 94 88 32 19 95 5 51 100 46 59 3 71 77 64 38 0 42 59 15 45 45 61 43 20 50 21 95 23 15 70 4 96 8 30 50 77 43 89 55 38 16 42 
15 88 81 28 5 59 98 81 60 72 41 19 56 37 70 54 25 40 7 22 11 17 100 94 89 42 51 13 48 51 94 14 47 56 45 52 29 51 18 13 12 22 53 67 86 97 22 19 66 98 45 58 75 69 90 94 39 74 29 17 64 7 26 49 52 36 33 34 69 81 48 75 54 50 49 41 40 47 46 42 63 42 77 2 53 93 92 14 85 50 49 33 30 87 30 47 84 56 33 16 9 29 14 81 58 14 95 93 96 31 82 39 90 16 67 58 29 45 4 86 17 52 39 47 66 5 84 88 
55 100 97 16 57 53 44 47 34 22 73 95 44 69 6 70 49 8 95 62 83 71 88 76 67 26 73 37 6 23 60 62 15 0 97 36 13 13 88 15 0 18 75 23 30 45 42 89 54 14 45 12 27 21 84 2 23 24 87 43 14 17 94 13 10 44 65 24 65 63 26 89 32 76 99 45 42 99 82 100 35 8 21 76 5 47 24 98 51 50 63 1 82 31 86 69 80 100 93 50 97 7 100 9 94 92 9 21 2 25 48 59 90 70 19 58 65 63 8 68 39 6 65 23 64 5 82 54 
79 64 46 53 12 48 18 47 50 78 86 60 21 96 10 86 27 20 64 83 90 58 62 42 53 24 24 20 47 22 40 8 89 46 84 89 18 48 30 91 86 48 28 26 29 88 16 45 82 84 68 83 50 84 58 42 73 14 70 56 71 62 92 23 100 92 36 91 32 2 88 81 22 22 28 98 29 20 92 68 13 12 52 19 72 78 84 40 55 62 76 84 29 20 6 83 36 78 18 19 66 72 68 21 82 4 28 20 97 38 58 77 6 34 50 43 90 46 56 46 59 54 78 50 45 28 78 66 
87 31 25 19 52 67 97 17 60 47 81 36 75 83 79 2 99 25 87 21 98 37 57 52 71 27 17 80 41 81 89 4 37 1 97 15 54 35 83 45 86 63 43 14 71 75 9 19 2 65 53 57 2 93 51 28 63 99 3 90 57 93 97 19 44 15 25 57 96 77 75 15 48 37 59 52 1 29 9 94 93 25 57 69 6 29 75 4 13 11 43 2 39 53 17 95 24 67 1 73 66 17 99 15 56 85 57 60 79 53 5 1 76 9 63 65 2 33 29 20 5 23 89 70 29 11 75 98 
16 12 85 39 44 21 12 32 75 42 27 8 41 51 68 95 98 42 39 67 20 55 70 13 10 12 35 30 59 77 16 59 58 40 81 41 54 89 78 14 25 40 9 76 29 19 48 78 79 64 25 65 6 85 18 1 12 42 97 90 59 3 28 46 77 10 45 91 2 71 72 6 15 34 37 22 7 45 10 3 30 28 53 63 32 75 6 5 82 0 17 74 51 53 70 26 85 18 49 27 86 79 12 26 27 80 75 56 7 81 66 26 9 94 99 51 82 27 74 49 64 0 87 60 43 7 32 29 
10 58 85 65 90 1 2 66 55 0 37 56 23 69 30 33 32 72 67 77 78 1 88 19 2 90 3 34 57 49 12 93 36 80 93 75 96 81 92 78 79 84 59 70 47 21 98 98 5 90 21 67 4 3 74 21 0 0 63 52 53 87 0 66 97 16 53 41 6 9 28 76 5 18 87 12 65 7 48 39 98 92 89 89 70 73 26 51 88 46 3 86 85 7 76 0 11 60 33 21 42 93 60 20 59 98 87 56 37 35 68 74 83 22 55 5 12 93 28 45 84 52 17 100 89 43 38 43 
60 6 32 86 94 27 29 79 2 57 95 58 28 54 30 47 12 44 94 8 44 61 91 22 87 1 97 98 4 88 28 67 100 50 62 98 96 7 13 19 24 65 13 24 26 18 36 66 33 86 96 68 96 77 81 2 75 19 9 84 18 12 76 72 97 64 72 92 94 69 29 73 0 79 73 88 68 16 58 45 64 88 90 6 82 19 33 42 33 73 69 72 82 54 84 64 27 16 44 72 0 37 57 97 56 31 17 4 62 58 86 74 67 92 14 56 92 93 51 64 85 79 11 60 70 96 42 63 
34 33 49 9 23 16 60 63 42 48 96 93 21 53 51 31 24 13 7 41 93 12 88 50 67 82 26 9 35 39 53 59 56 25 41 37 11 22 72 15 82 2 34 9 9 89 85 10 81 93 93 3 89 68 70 76 97 34 90 7 11 41 91 54 63 33 89 41 57 62 24 49 28 84 94 75 13 3 43 49 22 95 37 5 75 30 16 12 59 2 74 11 41 39 29 14 15 37 1 93 27 76 60 47 80 28 46 7 73 11 5 2 55 95 15 85 47 72 28 64 79 78 60 31 45 33 87 41 
91 88 85 91 36 81 92 65 100 98 23 68 63 63 78 70 57 46 27 49 80 97 48 4 41 50 53 88 33 11 18 0 1 24 49 51 96 15 36 29 80 24 49 38 39 67 94 89 2 74 85 29 54 79 22 32 1 0 85 10 1 33 56 85 82 12 77 71 76 77 90 63 68 98 41 58 85 33 74 6 93 22 29 95 40 41 82 48 83 44 1 54 27 89 48 25 82 74 61 67 72 17 68 15 66 12 29 42 99 45 90 95 60 22 55 83 20 93 98 56 13 68 67 26 69 37 44 44 
19 88 31 85 66 91 48 33 72 64 17 0 29 55 4 34 71 18 59 71 86 49 50 62 15 78 47 0 35 65 18 94 53 90 25 33 28 43 24 85 74 78 19 50 61 3 72 1 54 40 49 43 8 45 54 96 95 86 27 74 99 33 16 39 8 10 47 25 52 49 74 35 80 64 57 84 55 53 18 72 49 84 5 65 68 39 6 72 29 58 43 86 3 5 96 83 36 64 33 53 10 51 32 7 38 56 71 32 23 61 52 77 50 90 55 5 46 13 36 24 57 2 21 0 23 59 8 46 
80 53 75 7 26 9 79 12 3 65 23 90 67 27 47 3 90 5 79 97 72 55 11 19 62 47 9 52 97 21 65 83 82 25 45 47 90 41 17 10 53 81 37 22 59 35 5 100 67 13 69 65 16 71 17 5 60 81 55 80 57 23 25 4 81 11 27 51 70 19 5 42 55 99 59 96 89 21 81 85 80 27 57 3 20 43 53 51 70 43 45 78 13 17 85 84 77 73 13 15 48 47 13 14 79 25 5 80 49 29 83 12 17 29 99 89 58 31 71 87 34 53 63 30 77 27 75 25 
76 18 76 77 12 0 46 70 43 62 90 80 59 96 98 39 28 68 70 95 58 70 72 79 2 22 18 20 51 48 88 55 12 2 70 81 96 68 4 24 43 84 20 84 45 16 44 48 11 12 56 23 16 68 48 7 44 4 10 94 29 0 72 14 97 48 24 79 20 22 62 16 25 92 98 62 19 68 92 35 28 32 74 85 66 50 6 59 12 16 86 78 99 90 32 38 19 76 66 5 46 22 50 98 15 60 80 40 99 22 80 18 35 2 20 23 42 34 84 87 22 86 38 58 43 32 30 73 
52 36 11 16 69 19 10 20 1 74 91 17 82 69 86 61 72 98 93 52 23 5 36 65 60 8 33 87 14 55 16 65 68 26 5 6 69 67 62 32 25 50 49 37 30 97 90 2 37 58 99 86 91 25 88 35 98 94 7 95 24 3 60 28 17 50 3 70 83 89 62 20 37 2 19 83 62 19 0 95 100 54 55 48 85 39 90 9 68 8 53 91 72 55 52 90 27 56 65 16 81 99 30 60 9 16 33 79 80 59 8 40 11 70 37 34 53 33 90 91 78 72 51 23 72 59 40 7 
74 72 19 74 99 77 16 84 11 2 69 85 72 13 16 3 44 96 57 82 3 87 32 41 82 98 51 59 68 67 40 71 42 2 9 100 89 37 60 4 93 30 23 25 52 97 100 64 93 16 19 78 59 59 66 37 74 72 85 19 0 77 38 92 43 82 95 98 75 91 16 28 95 78 73 95 16 27 20 65 86 60 27 96 53 19 52 85 48 72 79 55 82 59 76 12 27 46 89 58 25 55 16 24 67 16 87 27 98 91 2 24 19 36 29 84 97 51 46 69 26 24 89 11 100 65 16 75 
3 89 55 42 14 40 90 92 0 31 59 89 65 22 44 87 48 30 26 9 11 13 89 40 98 42 30 52 44 91 13 70 19 91 77 70 36 32 72 66 6 27 31 57 45 0 88 22 97 50 6 45 97 19 77 26 70 64 6 50 26 21 99 33 78 93 35 78 50 10 38 66 8 13 3 87 27 58 82 85 58 54 4 9 39 33 65 98 8 96 26 40 88 97 69 91 68 41 57 0 76 40 10 14 56 1 13 23 71 18 0 18 15 4 8 5 51 29 23 52 34 58 38 0 70 97 79 70 
63 18 42 49 39 71 9 19 9 76 76 80 76 3 89 57 80 61 41 76 6 74 0 99 23 43 79 19 5 62 0 2 1 24 18 85 71 55 69 63 97 64 28 0 18 19 43 28 43 73 71 64 56 82 2 85 19 43 13 69 25 72 72 45 96 4 6 19 7 13 5 41 99 24 20 78 40 93 79 3 80 53 19 34 28 24 20 75 77 21 49 99 5 22 10 5 58 62 98 51 19 3 27 81 81 24 90 52 98 89 97 72 13 17 61 68 4 68 78 87 65 59 97 81 41 42 32 60 
51 88 47 28 43 69 62 74 79 10 3 61 44 71 88 48 55 46 5 8 49 51 34 35 74 48 97 11 78 33 68 78 25 60 33 68 31 9 22 16 15 100 31 5 6 23 18 21 86 6 79 6 5 83 58 91 62 16 11 29 72 11 86 87 66 80 79 60 47 15 42 72 99 18 27 19 56 93 12 10 21 42 55 48 51 35 6 23 52 28 91 31 28 17 14 43 28 8 5 4 75 75 94 92 15 96 21 15 62 73 30 97 12 0 97 98 39 3 64 55 34 38 35 13 74 51 0 2 
65 36 87 32 15 85 90 8 93 6 25 53 70 11 18 98 71 50 49 56 65 85 32 93 2 4 7 79 94 61 86 20 5 38 37 8 67 39 72 8 79 68 61 21 64 63 10 23 8 44 27 84 57 15 48 67 96 8 93 65 90 19 14 47 92 90 55 48 53 65 70 6 45 20 77 91 82 51 16 40 65 42 95 60 27 37 82 1 48 66 93 51 56 49 60 67 6 6 45 80 19 17 4 34 73 30 23 75 96 51 76 77 26 20 45 58 47 33 24 61 10 100 85 13 96 79 84 10 
61 80 100 25 68 48 40 100 69 28 72 78 43 24 28 42 87 0 28 9 88 80 44 85 24 58 22 74 37 48 4 6 11 70 54 87 40 84 2 62 21 2 68 42 55 56 78 1 44 92 66 79 50 30 50 29 34 78 88 16 69 62 76 77 96 2 30 49 58 26 44 36 43 36 94 98 1 90 22 96 19 96 32 61 82 26 26 65 46 4 6 14 91 70 34 69 0 8 54 53 52 8 28 78 29 54 66 78 63 18 2 67 0 84 12 13 44 60 84 89 58 4 46 52 1 2 30 34 
61 29 7 95 82 53 51 28 39 5 87 4 69 65 61 12 65 83 53 31 52 19 39 47 78 17 67 98 35 27 27 76 15 83 35 17 82 41 49 56 63 69 53 46 37 21 43 57 76 25 19 53 88 7 45 5 74 9 65 98 35 37 3 63 96 45 23 27 50 55 65 98 31 11 89 26 87 99 91 50 23 91 19 67 16 3 29 63 56 97 69 20 25 39 67 5 26 93 35 15 42 27 1 8 87 23 59 52 23 63 89 3 0 47 33 95 12 63 91 81 44 69 43 48 83 93 25 34 
42 28 47 49 62 1 20 35 44 52 81 82 95 53 22 71 72 92 93 65 20 21 46 86 49 84 9 68 21 47 32 15 64 48 71 23 64 71 94 7 44 0 23 26 91 5 4 94 33 58 23 31 72 83 74 84 15 16 87 12 65 97 88 28 47 100 95 65 68 69 46 21 82 10 31 44 49 13 78 61 64 16 79 73 98 45 60 22 1 44 71 2 41 31 22 96 23 30 7 29 94 89 2 93 30 52 97 18 73 29 62 54 23 22 77 81 64 77 32 92 45 36 65 50 53 57 42 59 
94 64 39 23 52 35 100 27 28 20 71 72 39 75 46 99 4 32 21 27 8 21 54 4 51 66 87 80 19 41 68 67 72 6 55 73 96 87 80 75 36 70 85 96 53 39 84 66 53 62 63 45 46 81 90 34 67 40 73 92 97 81 98 76 27 90 43 31 50 59 88 57 12 14 37 86 3 69 76 49 10 8 67 27 44 19 24 4 61 28 69 86 79 49 30 90 81 38 95 87 60 51 100 87 64 4 91 0 19 85 76 74 33 8 97 35 30 9 84 92 11 38 87 22 31 41 84 9 
99 77 3 41 57 38 94 65 36 100 38 19 21 15 9 28 19 93 49 59 43 82 44 0 57 20 42 93 29 89 81 2 37 41 63 17 97 26 52 77 12 18 70 31 13 71 71 17 72 37 35 67 39 58 58 76 97 92 50 69 39 63 11 41 92 51 51 65 99 32 98 55 86 16 22 21 33 93 23 16 97 63 19 17 57 56 64 20 43 0 38 9 81 93 59 1 98 33 31 69 53 92 92 11 32 68 42 9 73 37 45 35 26 43 53 53 97 58 52 64 39 98 88 13 5 39 15 12 
53 46 74 58 34 59 47 53 68 83 59 66 30 92 68 62 27 50 38 64 16 65 37 88 81 23 93 48 10 12 30 2 49 98 28 70 30 43 65 45 28 31 81 10 10 58 20 9 0 34 68 68 64 91 49 66 39 33 81 14 90 98 60 3 86 92 98 2 60 65 31 31 74 53 89 38 44 32 48 20 29 56 14 56 72 33 85 76 17 51 49 68 30 54 36 91 20 76 34 96 42 89 77 51 12 85 41 10 32 14 86 1 8 82 84 18 0 9 39 66 33 3 35 28 86 46 78 54 
69 40 15 57 56 51 78 54 9 84 9 18 37 77 90 18 99 36 5 83 14 93 76 55 96 66 59 8 3 35 26 26 85 4 31 41 60 31 40 68 1 76 99 86 81 65 88 23 78 50 7 71 38 33 22 21 94 42 35 42 35 51 12 39 74 22 95 81 10 47 28 34 27 90 75 100 3 3 64 26 29 96 87 81 24 3 82 7 54 82 87 72 41 71 66 39 90 6 79 33 26 31 6 92 45 86 63 8 29 55 6 53 62 96 49 5 74 97 14 63 72 88 65 50 91 63 96 50 
97 36 31 11 8 97 84 84 47 26 35 24 95 77 96 40 13 94 13 21 2 75 46 51 98 88 13 34 73 79 100 68 83 36 83 79 54 29 2 94 23 60 85 86 83 57 52 17 80 12 11 21 56 27 28 67 68 8 69 4 97 75 84 29 72 34 79 61 76 63 28 32 91 16 89 32 57 95 14 36 55 38 63 71 34 63 8 31 28 98 73 0 93 95 76 13 2 84 95 35 70 35 92 86 31 42 17 78 33 19 58 83 80 60 97 65 46 59 40 83 90 16 87 68 1 21 94 74 
12 7 99 29 82 75 19 27 82 43 33 10 85 77 33 77 28 15 41 55 38 9 9 58 91 47 79 26 87 43 39 17 20 27 43 61 74 91 71 83 64 35 71 82 21 5 35 16 45 75 95 55 54 63 3 6 91 55 43 4 97 21 15 86 55 9 95 99 90 69 99 3 52 21 55 96 11 71 23 67 16 83 31 97 60 5 55 100 45 97 47 38 7 39 15 52 31 65 3 93 28 57 83 47 64 21 67 4 51 25 1 42 23 55 29 51 100 17 69 26 5 95 41 50 39 49 83 51 
10 84 94 3 2 60 50 9 32 34 72 12 49 52 16 15 96 0 90 5 28 8 62 2 87 86 30 56 13 32 74 79 40 36 74 19 20 14 34 17 74 58 48 90 51 86 90 26 93 86 50 85 8 0 64 20 39 92 52 92 3 0 98 62 11 80 8 53 28 98 80 99 74 68 28 92 57 50 22 9 86 38 20 3 2 4 72 46 83 32 30 24 1 78 56 68 23 36 26 71 54 2 10 75 22 66 38 38 97 32 18 90 63 84 6 1 62 68 12 84 71 48 98 26 85 32 18 39 
4 96 97 44 33 89 60 77 64 100 57 79 94 71 78 19 6 26 81 88 13 63 78 54 53 8 7 17 36 77 8 3 100 0 35 50 71 29 40 69 90 8 83 47 68 75 94 68 39 64 39 46 1 63 96 14 69 88 5 93 44 1 58 74 63 52 77 98 89 31 100 15 16 74 17 85 60 45 36 61 80 8 99 96 75 7 46 56 63 24 7 85 90 97 78 16 69 90 39 64 79 3 46 61 4 2 19 13 74 93 70 50 57 88 1 44 19 35 76 100 95 12 89 61 86 95 28 9 
34 32 25 28 53 95 74 67 22 72 95 11 96 87 4 37 18 34 41 90 5 41 68 80 99 22 13 17 68 29 42 65 28 92 43 74 63 43 62 59 60 70 69 23 86 79 40 76 67 80 79 40 85 51 10 50 83 74 71 79 80 23 72 98 23 28 45 62 41 93 4 73 98 46 31 41 34 25 54 91 82 42 33 24 33 53 8 54 89 48 9 89 26 69 78 62 45 36 15 48 63 85 76 61 34 40 77 33 26 85 80 98 5 34 39 10 81 65 58 98 73 58 79 43 50 63 34 31 
73 91 61 50 6 56 94 27 91 1 37 47 51 32 92 1 99 93 15 20 92 80 58 58 32 1 87 77 81 46 50 37 56 42 82 81 33 71 79 14 24 52 54 74 58 49 43 13 63 82 18 79 7 41 47 39 43 54 4 56 32 39 83 67 84 31 9 20 24 6 90 85 55 47 81 13 41 26 42 21 37 45 41 64 40 56 22 68 18 45 79 9 5 50 70 10 53 14 32 99 13 39 23 14 20 38 38 58 18 63 35 89 45 62 58 35 77 87 89 95 31 88 2 18 48 75 69 34 
73 62 70 75 9 53 55 40 34 78 58 100 44 61 83 0 54 2 90 53 71 75 93 65 85 72 30 92 60 3 83 67 90 3 91 48 50 80 66 81 27 53 89 95 89 98 98 16 96 83 73 84 80 78 16 2 36 5 51 3 9 36 12 95 32 22 74 61 17 7 15 16 66 0 100 18 82 39 61 52 32 14 84 5 37 73 87 97 31 20 0 94 0 55 85 74 11 25 71 88 92 38 80 63 47 31 93 25 31 56 44 72 46 71 15 32 80 54 92 38 34 9 27 39 3 2 6 92 
41 30 61 10 65 47 6 41 68 36 49 15 72 13 28 3 82 12 75 10 35 61 46 16 75 18 75 1 70 27 92 70 63 4 7 34 97 27 12 33 62 24 73 83 54 25 48 76 89 94 9 4 47 17 80 74 91 100 9 51 86 53 74 57 14 98 97 34 29 53 64 31 74 30 13 73 70 19 66 51 34 80 89 62 61 33 30 40 73 14 33 29 24 83 98 53 76 12 15 80 37 81 22 51 8 52 91 77 90 83 2 18 51 8 35 62 37 49 76 94 69 84 17 19 10 81 20 2 
3 86 97 16 23 15 2 69 42 90 15 59 50 39 76 77 22 100 75 20 63 63 16 60 7 34 25 37 24 67 58 20 27 88 27 64 81 35 26 71 62 24 27 35 36 11 34 44 25 46 65 60 51 33 20 2 73 68 75 71 8 25 14 79 58 34 29 4 15 55 72 1 66 70 95 89 84 41 58 43 28 6 25 20 29 47 56 60 23 18 27 65 16 53 80 13 38 38 15 32 1 11 0 1 82 6 97 45 8 65 48 58 63 98 15 92 85 3 2 94 47 82 27 23 46 77 34 62 
83 32 52 47 18 4 60 63 100 90 0 80 29 84 60 3 28 86 100 71 16 78 70 70 89 74 52 46 99 80 64 12 39 26 96 5 32 26 80 43 74 24 34 22 1 70 20 70 69 74 62 61 74 26 10 18 73 100 86 88 87 50 84 75 82 86 58 63 16 100 94 45 46 64 2 74 31 2 34 85 42 6 38 79 48 90 0 66 11 24 58 38 89 26 50 59 30 40 20 47 22 80 8 41 54 52 56 4 49 80 64 88 89 58 18 55 74 84 82 20 77 86 14 68 51 94 78 8 
47 67 69 53 84 47 19 11 68 47 91 86 27 27 59 95 38 7 95 21 86 89 29 80 47 19 25 80 37 37 93 62 17 1 87 39 56 99 75 11 88 23 75 58 55 15 25 40 99 27 93 55 92 77 87 8 27 71 59 64 61 95 45 73 42 19 57 77 62 45 91 17 16 65 31 46 49 21 89 53 36 93 65 69 78 37 7 92 41 35 87 74 9 37 5 83 98 47 43 1 28 13 59 99 38 1 85 38 25 97 15 52 69 73 39 93 44 9 57 18 9 35 71 84 61 3 53 94 
98 78 69 27 28 95 100 60 19 38 73 86 5 89 90 94 91 44 39 81 0 11 40 69 92 56 3 14 11 45 88 29 40 34 55 59 94 37 26 90 97 46 81 82 45 93 88 9 80 22 13 49 60 25 14 91 90 74 21 34 57 39 62 36 69 6 29 43 66 95 84 8 59 68 45 22 99 15 16 88 61 82 65 23 18 55 58 89 36 30 21 14 99 71 60 80 13 80 1 83 34 15 82 92 99 92 83 40 15 67 18 71 92 68 35 7 68 63 32 97 56 20 59 40 91 7 44 43 
4 22 33 89 86 93 0 76 91 78 33 34 41 81 42 76 19 42 51 83 20 51 44 29 16 86 57 86 29 31 54 73 84 94 81 73 42 9 74 18 27 2 87 88 35 17 64 49 64 4 57 95 56 31 0 97 36 94 55 78 43 3 56 32 97 2 81 33 52 47 38 36 93 100 23 88 9 19 98 90 85 4 89 33 76 33 26 63 64 96 59 16 61 91 14 54 99 86 81 45 86 85 62 38 11 44 89 26 77 71 62 5 52 12 95 5 18 47 40 49 90 58 9 36 5 79 62 59 
34 20 54 28 76 15 65 47 48 19 71 44 4 34 6 36 97 30 74 66 36 93 95 60 71 21 47 34 30 26 70 15 92 96 22 2 98 75 47 71 32 55 77 70 8 30 74 83 28 34 26 0 0 61 53 12 3 27 65 18 78 80 100 76 89 72 0 4 44 69 1 29 42 75 17 68 90 22 10 14 39 44 28 56 34 21 97 90 53 21 25 46 36 38 42 40 51 2 24 14 76 29 67 85 8 43 83 18 0 44 96 93 92 98 70 30 8 41 83 66 53 91 63 78 70 18 12 45 
78 33 29 57 21 26 82 15 14 100 20 37 25 1 31 100 81 61 87 95 53 72 92 78 53 18 48 63 35 3 37 19 96 33 53 85 91 46 40 51 0 8 42 65 81 99 5 49 10 33 9 27 41 78 86 48 69 38 60 23 71 5 17 74 83 25 73 15 49 12 42 73 36 76 10 27 55 21 25 46 67 71 17 69 43 10 8 6 3 42 24 59 53 21 65 66 87 33 57 25 75 86 0 13 40 20 6 7 97 45 87 63 70 23 43 23 73 60 92 48 75 12 78 43 11 53 51 65 
31 64 17 3 72 77 20 23 48 40 43 26 63 79 48 93 74 72 87 65 30 51 60 6 73 78 23 70 65 9 4 36 31 8 9 79 96 85 52 93 22 8 21 10 47 19 90 66 57 88 33 13 44 87 46 24 25 6 17 4 9 73 68 3 46 40 25 77 28 71 14 19 72 6 33 84 93 25 8 99 32 88 17 95 60 53 12 58 77 56 5 54 97 45 48 53 98 26 53 47 64 53 16 43 86 68 67 20 85 89 68 62 7 30 19 97 96 35 58 18 45 44 59 2 5 13 22 46 
47 30 65 49 72 83 58 49 10 72 17 22 5 31 4 27 0 12 15 55 44 61 54 98 23 26 57 48 31 9 98 46 65 80 25 21 22 71 18 17 74 32 47 72 45 27 58 2 41 44 61 35 74 21 88 38 83 44 79 66 71 87 98 75 16 90 93 3 2 45 62 47 42 2 99 40 7 65 38 37 48 54 69 25 0 1 46 0 41 58 39 74 27 41 70 75 70 66 53 97 84 65 6 67 86 50 63 88 67 45 80 32 41 36 7 35 14 77 82 22 73 60 25 58 91 79 48 0 
4 43 53 55 78 7 21 38 23 77 7 28 81 35 51 28 63 33 59 25 78 11 87 13 66 57 69 28 9 77 79 15 16 81 97 87 74 5 45 82 59 25 17 10 15 29 21 79 14 17 93 17 10 69 77 25 68 89 41 2 7 35 45 24 43 83 41 61 38 11 73 70 47 3 37 24 13 95 5 62 5 25 45 59 48 95 13 99 2 97 21 52 65 81 61 68 57 47 1 67 90 47 87 60 83 27 61 64 9 71 55 63 42 37 3 37 10 71 51 25 84 33 87 88 33 15 93 85 
16 42 96 81 16 4 10 96 65 54 20 10 23 50 46 90 39 72 80 55 72 26 28 35 24 100 24 12 21 58 70 5 30 60 36 61 92 94 70 46 79 90 78 86 39 8 6 41 28 16 52 31 74 36 80 85 16 60 22 56 61 28 12 84 9 42 10 67 94 0 42 0 97 2 76 24 7 40 72 16 73 56 54 3 88 72 44 83 84 40 94 16 95 62 36 54 93 50 54 67 14 42 96 8 93 64 74 90 43 34 16 7 82 64 92 23 52 10 92 43 12 8 0 60 71 90 72 71 
80 20 45 94 95 47 4 26 85 34 51 77 96 85 0 80 31 92 75 76 3 9 6 39 52 42 57 71 6 99 58 85 98 42 81 80 37 55 12 0 25 38 85 53 26 9 36 61 38 24 93 40 7 49 60 3 2 46 89 45 68 37 44 54 13 58 77 66 15 65 20 26 51 12 69 11 4 47 64 8 53 24 49 48 53 1 68 57 66 22 81 19 2 63 56 64 59 96 73 36 73 69 22 68 33 86 1 35 18 83 56 37 92 10 75 12 83 29 22 47 16 84 43 5 20 9 30 23 
72 34 97 40 31 19 4 18 35 58 5 57 18 57 50 98 69 6 7 8 85 79 100 69 72 20 71 55 56 71 48 75 90 16 73 66 65 97 36 38 95 40 23 1 54 85 46 63 18 44 37 94 69 9 22 91 10 22 55 69 50 61 38 56 45 52 99 48 91 11 4 38 91 42 67 11 8 61 48 34 23 36 85 70 99 3 92 57 36 92 95 51 8 83 82 46 15 78 49 96 87 95 28 84 27 28 3 87 76 13 60 97 16 84 39 56 87 67 44 85 94 58 29 41 60 89 10 53 
22 18 46 99 19 25 71 37 45 2 6 42 48 47 39 15 48 37 35 48 62 36 66 33 17 79 13 71 39 66 54 67 18 58 86 23 31 69 45 81 95 96 56 84 18 55 89 74 81 53 17 62 60 74 70 33 95 7 79 65 27 22 88 60 3 52 46 53 67 11 61 35 41 66 84 20 26 21 37 43 56 35 65 96 40 12 56 97 41 39 97 15 31 44 52 46 7 58 50 53 83 61 17 47 69 30 96 8 18 37 27 44 11 19 3 12 68 8 84 53 65 7 87 21 83 54 32 61 
100 71 43 26 30 6 44 56 100 59 9 9 49 86 74 73 10 76 10 63 89 69 55 34 60 10 26 4 96 41 85 93 86 89 93 56 56 10 4 16 62 71 39 37 67 32 72 80 33 36 20 89 37 89 77 62 60 2 92 44 34 91 95 90 91 7 23 64 60 86 14 90 72 77 1 91 85 16 38 63 36 58 28 23 55 5 1 40 64 82 26 22 82 33 9 8 65 83 85 30 2 6 44 98 24 73 11 47 97 4 58 66 23 66 36 11 95 89 39 44 32 90 56 56 6 87 35 23 
27 80 55 0 27 45 82 46 35 16 51 77 38 99 38 59 2 56 73 42 1 99 84 7 24 66 33 95 10 37 8 4 93 6 1 18 91 33 30 8 15 8 81 45 78 31 56 86 95 24 59 14 41 41 44 91 64 90 95 21 54 71 88 71 34 56 51 30 89 7 52 28 31 48 79 41 30 71 42 21 34 16 19 6 31 99 0 95 52 20 25 63 66 5 18 23 14 38 73 66 67 91 100 100 39 52 69 93 70 75 40 34 37 64 81 18 55 3 86 19 98 0 59 17 68 99 38 0 
19 16 83 36 33 89 74 60 97 88 77 59 30 53 72 35 88 76 89 70 1 91 82 59 66 26 11 87 88 55 68 28 45 14 33 18 79 49 42 96 7 56 99 11 94 21 10 62 63 44 23 56 65 27 98 91 62 16 65 89 20 55 80 17 4 98 95 14 9 85 74 70 69 36 9 61 96 7 48 89 20 72 27 70 83 53 42 49 96 80 39 87 60 83 34 83 16 62 5 26 15 25 76 22 37 36 27 53 90 43 2 78 5 70 85 74 19 11 90 27 90 24 25 81 100 51 28 76 
93 42 46 57 10 34 24 54 79 76 18 42 95 36 52 93 42 42 18 39 16 72 88 77 48 40 6 58 5 86 58 36 41 88 2 5 40 50 2 84 85 78 72 32 23 94 30 94 59 98 44 83 64 40 86 7 34 98 58 42 21 44 56 21 2 60 10 61 54 90 76 72 67 18 52 90 61 74 68 87 56 66 60 73 60 30 92 69 86 34 22 74 81 56 48 5 64 36 4 13 74 100 54 26 43 62 42 22 37 90 82 76 93 68 10 73 68 86 96 17 62 58 68 6 45 16 66 62 
93 81 51 7 50 77 97 40 95 9 13 88 89 13 97 81 4 53 9 21 90 15 99 17 88 1 55 96 79 63 37 88 99 69 97 67 22 17 45 32 15 77 57 16 49 93 63 58 73 93 31 25 60 57 9 33 56 55 17 56 7 5 63 95 80 73 35 51 24 83 77 94 29 35 1 24 35 47 19 61 86 91 51 27 34 59 9 99 48 93 97 36 79 67 55 41 78 89 37 7 66 43 23 22 95 55 99 82 11 17 25 16 87 55 89 19 88 99 67 41 54 49 33 40 11 85 3 40 
16 24 91 49 34 57 90 75 76 18 91 80 45 91 6 30 65 64 77 91 54 47 92 16 43 98 97 36 85 25 68 63 80 72 77 5 38 57 22 91 52 100 31 2 75 31 32 7 70 24 51 39 60 71 38 68 99 76 47 80 55 5 44 96 91 100 87 45 36 77 72 21 94 28 35 84 65 73 16 12 67 38 67 57 38 89 42 34 73 30 39 76 89 13 70 46 95 90 89 89 48 69 90 9 46 64 73 38 33 41 22 49 52 54 37 81 36 15 66 20 73 68 3 100 21 93 26 81 
92 8 75 15 32 11 100 27 70 40 73 12 87 31 14 64 85 70 89 85 52 53 52 34 39 6 31 10 5 49 14 47 12 100 29 67 76 67 14 99 92 52 5 20 11 83 80 89 58 34 83 45 84 97 46 50 7 28 57 28 33 5 68 98 47 24 47 25 58 97 76 97 92 98 33 38 79 85 2 78 51 90 3 51 52 85 76 100 51 60 37 88 63 93 72 66 99 62 17 63 12 5 90 41 50 26 39 98 43 53 18 87 74 50 21 29 72 53 38 50 47 28 9 16 91 35 72 37 
39 61 99 33 3 52 60 63 76 20 32 59 21 55 83 77 22 37 89 39 83 66 96 12 13 40 68 53 95 1 97 56 57 5 1 89 49 100 10 69 76 48 86 67 93 39 95 76 73 45 75 27 55 44 82 84 49 34 88 73 3 27 19 63 50 87 39 7 15 98 84 31 14 54 78 5 99 13 23 55 68 5 75 25 93 88 16 66 79 12 12 1 5 65 53 1 38 45 23 57 49 44 82 63 84 44 20 93 41 11 57 96 65 17 89 35 5 90 82 42 37 4 32 17 47 95 19 42 
67 92 82 72 86 73 3 93 24 13 81 78 68 68 46 55 4 92 88 50 16 95 79 90 19 3 27 4 78 24 72 96 37 74 16 66 90 93 1 45 40 95 17 78 82 98 56 54 75 0 10 96 48 23 89 92 91 21 89 4 44 78 84 27 20 10 94 58 62 33 57 43 56 73 97 10 36 28 100 29 90 80 60 90 18 49 29 72 73 91 13 50 94 34 94 19 82 86 82 10 14 5 13 87 6 97 51 62 30 82 52 28 21 32 94 0 88 27 59 80 69 97 23 100 54 68 8 96 
1 30 23 65 22 95 10 14 79 34 33 58 81 89 92 79 88 66 89 87 12 17 86 13 26 100 73 88 51 11 98 50 97 0 31 1 42 7 64 74 25 90 47 38 69 33 92 62 83 4 35 31 12 85 34 53 50 12 11 16 47 19 20 93 36 38 7 99 70 89 40 4 7 18 87 74 47 59 54 33 56 64 67 81 88 43 66 27 20 84 63 12 39 47 98 71 94 46 15 77 22 85 92 58 35 76 17 92 3 91 12 2 81 46 45 39 30 53 72 97 44 64 53 52 67 41 16 48 
9 40 83 27 42 53 62 24 19 60 79 66 17 53 18 93 46 40 53 17 54 51 12 95 56 62 31 14 17 15 56 40 57 88 99 71 78 81 20 38 7 62 29 26 71 41 36 52 71 2 31 37 54 71 16 13 6 52 45 20 31 85 4 13 36 98 7 97 32 47 72 10 13 42 37 30 77 83 80 15 6 56 63 73 12 91 66 15 10 58 97 68 53 79 74 21 86 72 95 1 48 71 20 32 91 42 43 20 81 99 8 18 83 38 49 53 96 3 50 35 48 94 27 90 49 77 66 2 
46 85 55 21 62 69 3 43 96 27 17 62 75 31 41 54 13 3 49 43 86 29 9 96 55 7 5 28 65 19 97 13 62 7 55 45 86 5 47 27 32 19 39 76 23 63 3 5 88 69 11 87 80 35 11 6 3 3 99 94 21 25 63 94 65 85 67 83 60 49 91 33 30 73 63 0 27 25 59 48 3 91 39 51 80 49 83 26 45 83 7 84 43 73 31 44 43 25 47 99 22 29 69 45 82 13 37 18 71 81 9 53 100 87 85 99 36 45 49 40 37 87 49 12 99 77 55 87 
32 8 76 15 88 98 70 77 36 44 30 96 37 4 24 16 41 44 26 81 34 86 68 70 23 32 92 10 87 94 18 95 74 96 46 59 48 24 58 65 34 50 46 90 21 4 86 19 92 68 52 97 96 40 34 56 25 24 14 54 43 50 64 98 47 100 72 73 54 46 48 71 76 10 34 26 79 56 86 76 87 56 14 33 16 16 66 8 63 64 68 72 97 60 68 68 11 88 88 41 22 54 50 43 82 16 30 4 25 0 64 85 100 18 24 33 50 82 68 96 99 34 42 70 27 14 32 17 
16 80 23 86 57 45 28 41 0 4 29 47 28 47 96 72 41 60 17 32 65 71 16 32 85 84 7 93 72 49 58 71 2 14 99 16 15 89 20 17 4 56 95 23 2 75 66 9 88 8 19 88 51 11 74 28 41 88 79 99 88 59 10 92 67 80 47 90 77 35 12 35 30 36 11 89 34 1 20 30 59 66 15 74 93 99 48 80 33 66 23 69 52 13 36 52 85 50 7 6 3 43 50 67 50 40 3 5 16 65 64 47 32 50 1 16 41 59 76 0 89 52 85 79 18 31 82 93 
80 92 55 74 89 81 0 69 10 90 23 43 36 21 34 6 63 28 21 2 3 69 18 32 71 6 57 49 76 97 100 5 62 96 31 46 29 83 82 79 16 8 17 3 100 69 60 21 38 26 43 8 55 39 92 28 79 38 97 43 56 51 34 84 83 68 83 22 49 57 66 17 24 34 57 85 34 7 46 38 73 54 75 90 77 69 94 86 33 14 61 1 62 31 28 32 1 34 87 22 1 37 14 1 44 46 73 41 30 99 30 91 78 50 81 88 97 17 92 2 1 42 79 43 22 95 86 79 
34 70 58 39 49 67 91 88 72 66 66 40 32 77 21 7 67 92 62 3 63 17 9 91 5 70 18 100 78 95 15 8 0 48 86 1 77 91 71 26 86 48 8 8 22 5 55 18 52 54 70 49 23 5 95 27 81 10 90 30 24 79 79 35 21 22 2 19 65 17 83 62 34 66 54 10 42 63 75 89 41 38 90 87 57 51 83 55 27 14 92 86 96 35 39 15 49 92 24 51 25 7 7 80 92 60 32 88 40 23 49 82 68 40 70 7 45 81 37 63 79 76 4 70 82 11 11 96 
