32 32
22 96 73 66 100 25 49 26 28 28 64 19 87 47 55 91 88 48 90 4 36 1 97 63 73 92 8 54 73 21 63 30 
69 9 57 1 95 5 97 72 48 43 15 14 1 97 21 90 70 79 50 65 17 75 47 23 98 47 5 80 93 9 13 34 
47 38 24 40 84 84 50 1 9 70 14 92 1 74 53 83 56 58 72 71 20 52 80 3 16 12 56 12 58 56 24 42 
40 9 73 54 54 96 100 16 48 84 66 58 40 29 55 85 11 53 67 94 24 78 4 11 54 32 32 73 22 52 84 11 
98 38 65 53 37 29 33 19 85 17 54 97 93 4 38 96 65 100 38 47 13 25 81 31 62 91 26 93 76 87 14 89 
98 14 48 45 42 32 92 17 30 55 90 20 47 15 73 64 81 72 54 100 56 28 2 38 79 2 46 42 91 16 11 9 
62 73 85 4 62 85 37 13 52 85 81 84 57 63 95 88 85 83 7 20 16 90 51 30 35 7 25 18 93 39 81 43 
68 94 1 47 17 22 96 28 27 93 57 38 10 78 24 63 56 4 72 10 14 21 25 18 98 78 38 71 97 82 31 13 
88 50 42 68 90 45 13 43 40 12 54 87 71 19 53 9 98 69 61 19 9 66 40 77 43 81 59 12 58 68 68 75 
39 43 43 85 26 39 71 9 28 25 65 16 1 38 95 59 96 29 63 79 57 11 19 82 61 45 15 79 94 93 55 44 
21 82 48 55 98 38 26 25 70 9 23 65 3 28 3 59 76 18 26 63 34 74 58 49 27 74 16 56 19 88 12 22 
81 40 47 55 81 87 82 72 45 61 83 13 69 6 8 51 12 14 100 71 57 89 53 91 52 31 55 77 47 78 0 86 
15 95 65 20 6 66 84 16 91 87 72 4 44 9 83 47 14 77 43 94 18 18 64 65 22 96 100 5 8 61 69 94 
10 66 26 89 82 22 34 34 3 96 60 56 7 98 32 0 87 98 98 47 94 71 74 21 33 76 70 46 63 12 52 1 
82 80 28 55 12 9 59 70 21 75 89 74 33 71 97 66 99 50 17 23 86 67 49 41 90 81 55 0 80 31 9 19 
81 64 70 56 96 46 39 5 28 96 58 3 19 25 35 96 42 100 10 12 64 41 55 13 63 68 12 99 57 11 75 47 
98 95 75 56 77 72 83 5 99 3 17 83 80 30 90 13 77 61 83 95 13 2 14 2 57 75 39 72 22 86 73 77 
45 90 76 37 82 35 11 18 91 55 81 30 73 17 35 4 43 54 47 99 80 51 65 33 34 99 58 18 73 37 47 54 
15 24 30 19 62 100 32 66 87 42 62 38 59 54 78 50 9 38 6 99 24 12 56 39 90 46 40 80 86 56 66 86 
70 73 43 96 96 76 14 94 24 58 8 33 4 35 25 21 76 41 17 88 9 8 63 17 32 96 58 88 14 33 7 75 
46 72 23 53 73 49 23 2 65 81 63 23 53 48 52 41 2 40 88 95 1 23 68 59 71 77 70 59 12 16 18 27 
70 32 46 21 46 98 0 69 90 74 4 30 87 8 82 87 42 38 74 3 81 82 58 20 95 5 98 36 7 24 90 15 
79 61 19 19 26 65 95 41 70 73 23 99 17 23 33 29 41 69 49 71 34 21 53 74 67 75 27 62 93 90 47 5 
35 68 26 70 48 75 97 87 23 64 14 91 95 73 99 7 22 93 92 31 70 66 96 43 13 11 63 0 14 38 42 2 
1 65 7 25 77 60 52 46 64 27 88 98 50 88 94 3 30 62 74 38 58 43 99 24 16 40 92 89 99 79 53 82 
41 93 21 77 35 31 77 9 30 49 87 96 9 19 45 92 45 3 55 79 54 62 65 19 73 35 69 4 81 25 9 74 
65 86 32 87 30 30 86 97 30 32 76 62 31 92 28 18 95 60 16 13 82 6 100 40 23 88 66 12 90 22 22 84 
41 42 16 11 9 63 89 16 5 35 9 85 62 52 70 82 81 3 78 63 70 99 17 71 46 85 9 99 35 86 19 68 
23 8 63 96 44 55 48 44 27 3 86 76 17 47 1 32 35 21 81 36 26 52 12 21 88 24 7 64 76 57 45 14 
82 14 48 45 46 46 20 96 95 76 16 50 63 40 6 53 100 12 98 59 22 32 88 15 16 42 22 18 39 100 32 13 
96 49 55 17 76 99 17 80 69 5 59 16 21 27 51 64 68 83 43 49 72 30 19 61 20 81 53 98 81 65 11 87 
78 91 9 34 13 70 32 55 85 11 9 62 79 42 56 16 70 47 0 43 45 46 100 8 94 79 87 56 18 54 62 67 
