100
3 1
2 1
7 1
48 7557
47 7557
25 7557
43 5329
42 5329
12 5329
20 471
19 471
36 471
47 6794
46 6794
50 6794
39 3836
38 3836
28 3836
49 8311
48 8311
2 8311
21 535
20 535
29 535
46 6713
45 6713
1 6713
38 3835
37 3835
4 3835
39 4176
38 4176
37 4176
44 5891
43 5891
50 5891
50 8463
49 8463
28 8463
24 920
23 920
35 920
39 4161
38 4161
38 4161
51 9105
50 9105
41 9105
34 2625
33 2625
3 2625
48 7362
47 7362
18 7362
45 6328
44 6328
41 6328
52 9912
51 9912
20 9912
34 2471
33 2471
53 2471
47 7228
46 7228
40 7228
46 6516
45 6516
4 6516
45 6318
44 6318
47 6318
35 2728
34 2728
24 2728
48 7666
47 7666
26 7666
33 2378
32 2378
15 2378
38 3594
37 3594
9 3594
42 4866
41 4866
48 4866
51 9094
50 9094
4 9094
51 9048
50 9048
27 9048
42 5164
41 5164
17 5164
52 9868
51 9868
27 9868
35 2662
34 2662
5 2662
