10000
52 9478
51 9478
738 9478
42 5008
41 5008
3842 5008
35 2771
34 2771
9139 2771
43 5298
42 5298
4645 5298
52 9410
51 9410
501 9410
48 7616
47 7616
7703 7616
49 8279
48 8279
1254 8279
14 159
13 159
6885 159
50 8683
49 8683
6296 8683
48 7363
47 7363
7255 7363
53 9995
52 9995
8886 9995
33 2332
32 2332
3064 2332
38 3511
37 3511
5133 3511
45 5912
44 5912
8460 5912
40 4121
39 4121
8416 4121
34 2694
33 2694
4154 2694
43 5374
42 5374
4680 5374
35 2873
34 2873
1784 2873
29 1538
28 1538
5717 1538
49 8025
48 8025
331 8025
43 5345
42 5345
4985 5345
52 9554
51 9554
7483 9554
43 5546
42 5546
8908 5546
45 6249
44 6249
8421 6249
29 1598
28 1598
2128 1598
47 7148
46 7148
1305 7148
24 910
23 910
2746 910
8 30
7 30
4143 30
17 269
16 269
7099 269
51 9379
50 9379
2400 9379
30 1809
29 1809
3176 1809
51 8870
50 8870
6521 8870
28 1504
27 1504
6814 1504
39 3859
38 3859
3878 3859
42 4998
41 4998
1476 4998
44 5872
43 5872
8456 5872
44 5902
43 5902
9555 5902
43 5562
42 5562
1482 5562
52 9834
51 9834
4088 9834
28 1419
27 1419
5649 1419
34 2522
33 2522
4886 2522
41 4641
40 4641
9611 4641
27 1261
26 1261
1998 1261
36 3193
35 3193
6293 3193
27 1268
26 1268
6513 1268
45 6217
44 6217
8031 6217
33 2479
32 2479
4765 2479
39 3894
38 3894
2033 3894
17 284
16 284
9017 284
40 4265
39 4265
1421 4265
52 9475
51 9475
4104 9475
27 1312
26 1312
8857 1312
25 922
24 922
1622 922
23 711
22 711
3654 711
34 2531
33 2531
1352 2531
49 7832
48 7832
4554 7832
37 3496
36 3496
4524 3496
49 8090
48 8090
9317 8090
46 6517
45 6517
2153 6517
46 6796
45 6796
9090 6796
34 2502
33 2502
8609 2502
41 4713
40 4713
5060 4713
44 6004
43 6004
8176 6004
48 7559
47 7559
4623 7559
52 9514
51 9514
6328 9514
41 4394
40 4394
8247 4394
47 6890
46 6890
7023 6890
52 9872
51 9872
9545 9872
50 8513
49 8513
2894 8513
43 5375
42 5375
5145 5375
25 1035
24 1035
4141 1035
44 5768
43 5768
8766 5768
40 4401
39 4401
7298 4401
50 8693
49 8693
7157 8693
49 8008
48 8008
7066 8008
48 7418
47 7418
191 7418
51 8861
50 8861
5250 8861
41 4634
40 4634
652 4634
47 7135
46 7135
4890 7135
46 6677
45 6677
6821 6677
31 1996
30 1996
9167 1996
50 8659
49 8659
8901 8659
43 5440
42 5440
1392 5440
41 4504
40 4504
9894 4504
32 2156
31 2156
4461 2156
36 3158
35 3158
5147 3158
50 8816
49 8816
4398 8816
41 4676
40 4676
8067 4676
38 3652
37 3652
2116 3652
53 9992
52 9992
1537 9992
45 6305
44 6305
6164 6305
5 6
4 6
9 6
48 7734
47 7734
7274 7734
36 3192
35 3192
4178 3192
46 6825
45 6825
6806 6825
31 2053
30 2053
8365 2053
47 7090
46 7090
8288 7090
25 946
24 946
818 946
48 7641
47 7641
6296 7641
32 2139
31 2139
2136 2139
23 811
22 811
3889 811
52 9522
51 9522
9476 9522
39 3899
38 3899
2693 3899
47 6922
46 6922
2841 6922
49 7769
48 7769
7839 7769
39 4225
38 4225
2822 4225
31 1940
30 1940
114 1940
31 1919
30 1919
9833 1919
33 2441
32 2441
8198 2441
28 1365
27 1365
3982 1365
45 6011
44 6011
1769 6011
49 8284
48 8284
1578 8284
52 9880
51 9880
2572 9880
33 2336
32 2336
1017 2336
32 2195
31 2195
6348 2195
47 6961
46 6961
7948 6961
47 6963
46 6963
7530 6963
46 6696
45 6696
6335 6696
21 565
20 565
5983 565
32 2271
31 2271
3188 2271
47 6999
46 6999
1175 6999
48 7626
47 7626
5262 7626
43 5540
42 5540
5880 5540
37 3297
36 3297
7030 3297
28 1431
27 1431
1617 1431
42 4854
41 4854
8603 4854
49 8133
48 8133
5569 8133
48 7390
47 7390
3161 7390
28 1354
27 1354
5286 1354
36 3108
35 3108
5882 3108
43 5181
42 5181
4309 5181
34 2589
33 2589
3703 2589
39 3931
38 3931
4469 3931
41 4759
40 4759
3879 4759
35 2793
34 2793
783 2793
39 3698
38 3698
2540 3698
46 6718
45 6718
6763 6718
42 5140
41 5140
7287 5140
47 7208
46 7208
9448 7208
41 4607
40 4607
9402 4607
37 3216
36 3216
4605 3216
42 5172
41 5172
6614 5172
39 4019
38 4019
6057 4019
53 9866
52 9866
1504 9866
46 6701
45 6701
3439 6701
43 5418
42 5418
5229 5418
50 8293
49 8293
150 8293
35 2743
34 2743
6430 2743
43 5462
42 5462
9179 5462
34 2667
33 2667
9701 2667
34 2468
33 2468
8440 2468
47 6941
46 6941
4558 6941
49 8172
48 8172
221 8172
29 1608
28 1608
7070 1608
47 7079
46 7079
4367 7079
44 5825
43 5825
7518 5825
53 9916
52 9916
6957 9916
35 2796
34 2796
7539 2796
30 1712
29 1712
43 1712
42 4957
41 4957
800 4957
30 1631
29 1631
9034 1631
48 7830
47 7830
7467 7830
40 4365
39 4365
64 4365
44 5848
43 5848
5185 5848
22 669
21 669
5441 669
39 3898
38 3898
2159 3898
39 3858
38 3858
6269 3858
46 6591
45 6591
7094 6591
43 5387
42 5387
2803 5387
49 8160
48 8160
3720 8160
47 6862
46 6862
3102 6862
12 94
11 94
1038 94
43 5210
42 5210
7759 5210
32 2207
31 2207
553 2207
22 707
21 707
1603 707
47 7238
46 7238
2971 7238
20 507
19 507
4779 507
41 4572
40 4572
5200 4572
40 4465
39 4465
1504 4465
35 2860
34 2860
8337 2860
47 6957
46 6957
5778 6957
47 6812
46 6812
3312 6812
21 575
20 575
9869 575
43 5424
42 5424
17 5424
50 8562
49 8562
294 8562
38 3776
37 3776
4897 3776
44 5762
43 5762
7390 5762
47 6794
46 6794
5363 6794
18 356
17 356
1226 356
52 9734
51 9734
1883 9734
38 3514
37 3514
6142 3514
45 6077
44 6077
1260 6077
44 5529
43 5529
9541 5529
38 3570
37 3570
8382 3570
52 9743
51 9743
2591 9743
34 2516
33 2516
4244 2516
49 8131
48 8131
8980 8131
33 2446
32 2446
7607 2446
47 6949
46 6949
4519 6949
34 2637
33 2637
6656 2637
26 1166
25 1166
2096 1166
26 1137
25 1137
5470 1137
11 61
10 61
1760 61
44 5994
43 5994
4320 5994
23 826
22 826
6875 826
38 3754
37 3754
8363 3754
27 1237
26 1237
9734 1237
17 297
16 297
804 297
42 4943
41 4943
7695 4943
51 9341
50 9341
2502 9341
38 3597
37 3597
7692 3597
42 5000
41 5000
7493 5000
46 6720
45 6720
6817 6720
48 7568
47 7568
364 7568
33 2306
32 2306
2217 2306
44 5627
43 5627
6527 5627
45 6167
44 6167
3715 6167
33 2249
32 2249
2337 2249
46 6531
45 6531
1660 6531
48 7442
47 7442
1598 7442
20 477
19 477
6620 477
27 1250
26 1250
9492 1250
42 4842
41 4842
6211 4842
51 9141
50 9141
180 9141
45 5936
44 5936
7219 5936
42 4966
41 4966
537 4966
40 4417
39 4417
5192 4417
48 7720
47 7720
654 7720
40 4428
39 4428
9772 4428
41 4678
40 4678
3291 4678
40 4460
39 4460
7433 4460
32 2054
31 2054
1714 2054
38 3726
37 3726
9398 3726
52 9649
51 9649
2550 9649
23 704
22 704
1239 704
43 5264
42 5264
1601 5264
43 5178
42 5178
1052 5178
49 8416
48 8416
3686 8416
40 4239
39 4239
3273 4239
47 7136
46 7136
5768 7136
50 8719
49 8719
7583 8719
50 8366
49 8366
6998 8366
39 3891
38 3891
9353 3891
45 6057
44 6057
3621 6057
43 5396
42 5396
4551 5396
39 4017
38 4017
2405 4017
24 831
23 831
4216 831
42 4724
41 4724
2898 4724
25 1050
24 1050
2164 1050
49 8021
48 8021
5275 8021
46 6689
45 6689
8637 6689
33 2438
32 2438
7116 2438
34 2637
33 2637
3829 2637
23 811
22 811
4598 811
33 2329
32 2329
7954 2329
41 4914
40 4914
33 4914
35 2662
34 2662
6647 2662
40 4252
39 4252
1869 4252
52 9635
51 9635
1341 9635
49 7959
48 7959
9461 7959
30 1712
29 1712
6061 1712
22 639
21 639
3475 639
35 2925
34 2925
5097 2925
49 8259
48 8259
8344 8259
47 7265
46 7265
3295 7265
49 8021
48 8021
6318 8021
20 454
19 454
415 454
29 1534
28 1534
7671 1534
22 618
21 618
5194 618
51 9292
50 9292
2206 9292
32 2046
31 2046
890 2046
47 6997
46 6997
7065 6997
42 4947
41 4947
2618 4947
47 7116
46 7116
3784 7116
32 2007
31 2007
2327 2007
40 4361
39 4361
4695 4361
50 8612
49 8612
9773 8612
41 4446
40 4446
343 4446
42 5238
41 5238
317 5238
48 7532
47 7532
5916 7532
49 8229
48 8229
3296 8229
33 2321
32 2321
5366 2321
40 4307
39 4307
4036 4307
52 9874
51 9874
9670 9874
50 8506
49 8506
8676 8506
36 3117
35 3117
1484 3117
53 9977
52 9977
6396 9977
41 4681
40 4681
9320 4681
47 6908
46 6908
8155 6908
43 5416
42 5416
5729 5416
29 1593
28 1593
9453 1593
50 8214
49 8214
1555 8214
19 411
18 411
3437 411
26 1101
25 1101
966 1101
42 5188
41 5188
225 5188
44 5615
43 5615
8569 5615
43 5170
42 5170
6746 5170
48 7372
47 7372
6985 7372
16 228
15 228
1920 228
46 6710
45 6710
3459 6710
22 663
21 663
1408 663
51 9212
50 9212
2217 9212
38 3802
37 3802
5861 3802
29 1674
28 1674
264 1674
47 6912
46 6912
7624 6912
47 7137
46 7137
774 7137
44 5899
43 5899
9256 5899
51 9297
50 9297
4305 9297
42 5060
41 5060
8313 5060
51 9193
50 9193
6017 9193
47 7239
46 7239
5194 7239
42 4909
41 4909
1615 4909
52 9762
51 9762
5744 9762
35 2733
34 2733
5315 2733
47 6986
46 6986
6671 6986
25 975
24 975
5488 975
45 6108
44 6108
6680 6108
42 4952
41 4952
5716 4952
44 5889
43 5889
4414 5889
28 1513
27 1513
5023 1513
48 7314
47 7314
317 7314
20 517
19 517
5221 517
36 3207
35 3207
351 3207
34 2452
33 2452
1072 2452
39 3830
38 3830
5519 3830
45 5972
44 5972
6112 5972
51 9353
50 9353
7721 9353
42 5132
41 5132
4867 5132
46 6502
45 6502
6970 6502
39 4076
38 4076
4869 4076
42 4798
41 4798
7105 4798
43 5342
42 5342
2767 5342
45 6056
44 6056
2802 6056
47 7034
46 7034
5305 7034
52 9383
51 9383
2355 9383
39 4135
38 4135
5975 4135
49 7831
48 7831
9203 7831
46 6815
45 6815
8212 6815
43 5275
42 5275
2303 5275
28 1437
27 1437
8996 1437
34 2515
33 2515
6516 2515
10 49
9 49
9360 49
35 2754
34 2754
8588 2754
35 2790
34 2790
9525 2790
42 5069
41 5069
1230 5069
40 4165
39 4165
7025 4165
40 4365
39 4365
1078 4365
48 7662
47 7662
999 7662
40 4413
39 4413
3446 4413
35 2971
34 2971
7577 2971
37 3386
36 3386
3308 3386
21 557
20 557
5732 557
42 4853
41 4853
2025 4853
26 1145
25 1145
9744 1145
50 8647
49 8647
4919 8647
38 3674
37 3674
8050 3674
29 1623
28 1623
1596 1623
21 578
20 578
1493 578
41 4682
40 4682
3807 4682
50 8838
49 8838
4242 8838
40 4123
39 4123
6513 4123
36 3084
35 3084
602 3084
49 8145
48 8145
8977 8145
51 9195
50 9195
9013 9195
48 7701
47 7701
1708 7701
44 5725
43 5725
315 5725
49 8033
48 8033
5223 8033
50 8617
49 8617
2772 8617
50 8695
49 8695
5869 8695
39 3892
38 3892
8119 3892
43 5257
42 5257
9399 5257
40 4201
39 4201
5799 4201
48 7492
47 7492
8808 7492
37 3381
36 3381
1896 3381
48 7432
47 7432
7190 7432
50 8792
49 8792
729 8792
47 7102
46 7102
8791 7102
38 3594
37 3594
899 3594
29 1611
28 1611
4168 1611
25 965
24 965
6747 965
44 5627
43 5627
8131 5627
50 8782
49 8782
7694 8782
45 6353
44 6353
8966 6353
50 8785
49 8785
4865 8785
26 1131
25 1131
3775 1131
39 3827
38 3827
6876 3827
27 1218
26 1218
769 1218
28 1434
27 1434
4777 1434
47 7086
46 7086
2381 7086
39 3910
38 3910
9759 3910
45 6288
44 6288
6812 6288
51 9087
50 9087
3625 9087
50 8593
49 8593
7943 8593
40 4289
39 4289
736 4289
42 4987
41 4987
4839 4987
41 4508
40 4508
4997 4508
48 7408
47 7408
9329 7408
36 3002
35 3002
1462 3002
26 1101
25 1101
804 1101
52 9725
51 9725
4082 9725
33 2385
32 2385
9632 2385
50 8335
49 8335
1981 8335
27 1295
26 1295
1964 1295
37 3392
36 3392
5757 3392
40 4403
39 4403
5857 4403
40 4329
39 4329
3683 4329
39 3824
38 3824
6002 3824
40 4295
39 4295
1488 4295
46 6702
45 6702
9955 6702
47 6981
46 6981
4028 6981
50 8493
49 8493
8196 8493
49 7934
48 7934
3743 7934
13 97
12 97
4798 97
45 6391
44 6391
6465 6391
46 6449
45 6449
7991 6449
38 3774
37 3774
3577 3774
39 3896
38 3896
3344 3896
47 6936
46 6936
1449 6936
36 2916
35 2916
6669 2916
50 8544
49 8544
3147 8544
29 1442
28 1442
6023 1442
10 56
9 56
9209 56
39 3820
38 3820
5166 3820
38 3445
37 3445
2642 3445
35 2911
34 2911
8337 2911
27 1244
26 1244
6347 1244
20 487
19 487
4581 487
39 3769
38 3769
1559 3769
48 7559
47 7559
6660 7559
14 116
13 116
7949 116
44 5610
43 5610
2887 5610
40 4156
39 4156
3207 4156
43 5146
42 5146
7192 5146
50 8421
49 8421
2319 8421
41 4651
40 4651
3734 4651
20 501
19 501
739 501
32 2025
31 2025
5662 2025
49 8316
48 8316
4226 8316
50 8396
49 8396
2931 8396
30 1812
29 1812
3576 1812
51 9342
50 9342
5895 9342
38 3691
37 3691
4631 3691
45 6279
44 6279
9445 6279
39 4058
38 4058
505 4058
41 4449
40 4449
5960 4449
48 7484
47 7484
8642 7484
27 1311
26 1311
1046 1311
46 6654
45 6654
8334 6654
44 5813
43 5813
6586 5813
52 9821
51 9821
190 9821
51 9215
50 9215
1947 9215
52 9678
51 9678
5231 9678
35 2788
34 2788
7198 2788
44 5905
43 5905
8371 5905
50 8347
49 8347
6599 8347
48 7305
47 7305
6431 7305
37 3496
36 3496
5349 3496
46 6642
45 6642
3235 6642
50 8692
49 8692
4424 8692
51 9180
50 9180
2767 9180
52 9518
51 9518
1173 9518
39 4161
38 4161
8364 4161
52 9626
51 9626
3330 9626
43 5262
42 5262
5360 5262
49 8182
48 8182
9299 8182
46 6629
45 6629
2433 6629
51 9415
50 9415
5968 9415
27 1261
26 1261
2470 1261
51 8868
50 8868
1962 8868
29 1630
28 1630
8360 1630
45 6025
44 6025
6233 6025
50 8387
49 8387
6717 8387
39 3916
38 3916
8713 3916
46 6674
45 6674
1157 6674
3 1
2 1
6761 1
45 6288
44 6288
4546 6288
44 5744
43 5744
323 5744
38 3514
37 3514
8551 3514
38 3709
37 3709
6615 3709
44 5765
43 5765
600 5765
48 7445
47 7445
2795 7445
40 4427
39 4427
1765 4427
25 919
24 919
8973 919
53 9925
52 9925
5942 9925
18 331
17 331
6910 331
42 4873
41 4873
5694 4873
51 8958
50 8958
4346 8958
46 6886
45 6886
2032 6886
42 4818
41 4818
2725 4818
51 9472
50 9472
2444 9472
52 9533
51 9533
4770 9533
27 1271
26 1271
9615 1271
50 8572
49 8572
2175 8572
11 71
10 71
7825 71
20 504
19 504
9601 504
46 6414
45 6414
5735 6414
28 1371
27 1371
1291 1371
49 8247
48 8247
5019 8247
46 6559
45 6559
5051 6559
42 5265
41 5265
1184 5265
51 9031
50 9031
6690 9031
35 2776
34 2776
3868 2776
39 3915
38 3915
8311 3915
34 2431
33 2431
1235 2431
48 7284
47 7284
6481 7284
32 2013
31 2013
8487 2013
16 226
15 226
1056 226
31 1880
30 1880
3610 1880
49 7797
48 7797
7193 7797
46 6664
45 6664
5810 6664
38 3512
37 3512
1572 3512
35 2921
34 2921
1692 2921
33 2237
32 2237
6714 2237
39 4048
38 4048
8866 4048
44 5794
43 5794
3419 5794
41 4373
40 4373
6997 4373
50 8343
49 8343
7920 8343
50 8491
49 8491
2823 8491
34 2647
33 2647
1700 2647
43 5336
42 5336
732 5336
53 9988
52 9988
7502 9988
27 1223
26 1223
1646 1223
40 4252
39 4252
7733 4252
32 2136
31 2136
4340 2136
18 331
17 331
9294 331
26 1061
25 1061
2663 1061
42 4821
41 4821
7928 4821
34 2576
33 2576
2140 2576
35 2825
34 2825
3807 2825
32 2082
31 2082
9286 2082
48 7641
47 7641
6166 7641
44 5759
43 5759
3564 5759
51 9079
50 9079
1980 9079
26 1142
25 1142
7912 1142
47 6982
46 6982
183 6982
48 7480
47 7480
1146 7480
51 8950
50 8950
6547 8950
37 3459
36 3459
3825 3459
32 2151
31 2151
3313 2151
15 178
14 178
9144 178
49 7855
48 7855
3935 7855
47 7300
46 7300
8316 7300
50 8778
49 8778
1297 8778
37 3435
36 3435
9421 3435
38 3622
37 3622
3521 3622
24 807
23 807
5719 807
48 7764
47 7764
8443 7764
42 4933
41 4933
8174 4933
46 6428
45 6428
4354 6428
38 3524
37 3524
3492 3524
35 2816
34 2816
9192 2816
45 6262
44 6262
7446 6262
29 1576
28 1576
7765 1576
33 2520
32 2520
6121 2520
50 8547
49 8547
3147 8547
45 6085
44 6085
1260 6085
38 3737
37 3737
1333 3737
34 2619
33 2619
1261 2619
32 2029
31 2029
7506 2029
23 710
22 710
4590 710
52 9633
51 9633
2347 9633
31 1976
30 1976
6840 1976
24 814
23 814
8543 814
29 1526
28 1526
1202 1526
49 8092
48 8092
9442 8092
19 456
18 456
603 456
49 8298
48 8298
1412 8298
49 8012
48 8012
2275 8012
39 3993
38 3993
5992 3993
46 6553
45 6553
538 6553
52 9864
51 9864
8124 9864
40 4136
39 4136
319 4136
26 1081
25 1081
9745 1081
50 8672
49 8672
6711 8672
50 8344
49 8344
2383 8344
47 7170
46 7170
5898 7170
32 2226
31 2226
2278 2226
7 16
6 16
4479 16
40 4098
39 4098
9331 4098
15 225
14 225
5135 225
38 3766
37 3766
8596 3766
49 7939
48 7939
6095 7939
37 3319
36 3319
6241 3319
46 6539
45 6539
6444 6539
34 2592
33 2592
261 2592
52 9871
51 9871
2078 9871
46 6424
45 6424
5604 6424
39 3770
38 3770
1207 3770
41 4492
40 4492
1378 4492
44 5859
43 5859
5427 5859
41 4837
40 4837
8867 4837
23 816
22 816
3626 816
25 1009
24 1009
2993 1009
50 8417
49 8417
9131 8417
49 8280
48 8280
9704 8280
49 8133
48 8133
7979 8133
50 8398
49 8398
4488 8398
45 6421
44 6421
6940 6421
49 8158
48 8158
4683 8158
31 1937
30 1937
4016 1937
51 9307
50 9307
4673 9307
38 3785
37 3785
5176 3785
33 2278
32 2278
8993 2278
52 9859
51 9859
1370 9859
41 4585
40 4585
6892 4585
35 2791
34 2791
4093 2791
48 7400
47 7400
313 7400
36 3040
35 3040
1927 3040
49 8132
48 8132
2749 8132
47 7178
46 7178
4087 7178
49 7851
48 7851
7223 7851
44 5771
43 5771
6330 5771
49 7986
48 7986
3 7986
45 6278
44 6278
3465 6278
41 4719
40 4719
4923 4719
43 5297
42 5297
3186 5297
50 8580
49 8580
1381 8580
39 3992
38 3992
3870 3992
50 8465
49 8465
562 8465
41 4569
40 4569
7656 4569
35 2925
34 2925
9620 2925
53 9991
52 9991
7417 9991
37 3498
36 3498
7966 3498
31 1991
30 1991
6008 1991
43 5429
42 5429
2517 5429
31 2017
30 2017
5757 2017
42 5138
41 5138
7478 5138
45 6081
44 6081
9897 6081
49 7985
48 7985
5548 7985
28 1467
27 1467
1071 1467
42 5238
41 5238
2464 5238
44 5717
43 5717
3344 5717
46 6788
45 6788
694 6788
50 8447
49 8447
8763 8447
37 3321
36 3321
1455 3321
48 7441
47 7441
6619 7441
39 4028
38 4028
5851 4028
44 5555
43 5555
4942 5555
45 6146
44 6146
9249 6146
45 6140
44 6140
2564 6140
19 397
18 397
6208 397
37 3435
36 3435
242 3435
30 1714
29 1714
6108 1714
40 4239
39 4239
5685 4239
48 7304
47 7304
3740 7304
38 3657
37 3657
3763 3657
24 867
23 867
5832 867
40 4182
39 4182
1109 4182
36 3253
35 3253
6852 3253
44 5640
43 5640
8719 5640
43 5319
42 5319
9746 5319
21 603
20 603
4754 603
26 1102
25 1102
9922 1102
43 5496
42 5496
6988 5496
27 1273
26 1273
4750 1273
21 594
20 594
4452 594
51 9180
50 9180
4396 9180
50 8586
49 8586
9972 8586
43 5494
42 5494
1243 5494
50 8464
49 8464
1903 8464
46 6644
45 6644
6563 6644
52 9732
51 9732
4577 9732
29 1594
28 1594
1392 1594
35 2834
34 2834
9730 2834
44 5980
43 5980
8523 5980
22 629
21 629
9257 629
52 9494
51 9494
4667 9494
35 2823
34 2823
4603 2823
40 4309
39 4309
8662 4309
31 1987
30 1987
3848 1987
48 7592
47 7592
8143 7592
46 6728
45 6728
7216 6728
47 6834
46 6834
3140 6834
30 1685
29 1685
6881 1685
51 9210
50 9210
1658 9210
10 39
9 39
1764 39
30 1782
29 1782
1981 1782
46 6683
45 6683
6745 6683
42 5175
41 5175
3235 5175
41 4670
40 4670
3209 4670
25 937
24 937
8705 937
40 4452
39 4452
1478 4452
46 6521
45 6521
9420 6521
50 8824
49 8824
6610 8824
31 2040
30 2040
1704 2040
14 161
13 161
1655 161
26 1091
25 1091
3612 1091
44 5612
43 5612
9639 5612
34 2455
33 2455
239 2455
17 301
16 301
8862 301
51 8864
50 8864
9133 8864
43 5475
42 5475
1726 5475
42 4871
41 4871
8145 4871
52 9367
51 9367
5831 9367
43 5490
42 5490
4718 5490
48 7534
47 7534
3324 7534
30 1725
29 1725
5130 1725
38 3805
37 3805
8282 3805
52 9671
51 9671
48 9671
35 3014
34 3014
4546 3014
51 8905
50 8905
8436 8905
34 2504
33 2504
7340 2504
50 8396
49 8396
4230 8396
47 7085
46 7085
4059 7085
43 5264
42 5264
5256 5264
24 916
23 916
4037 916
49 7822
48 7822
2648 7822
36 3079
35 3079
1850 3079
48 7567
47 7567
6207 7567
46 6454
45 6454
3274 6454
29 1543
28 1543
1844 1543
41 4552
40 4552
5332 4552
29 1625
28 1625
9258 1625
40 4091
39 4091
312 4091
29 1673
28 1673
5651 1673
52 9855
51 9855
1403 9855
37 3336
36 3336
3092 3336
38 3544
37 3544
1629 3544
36 3222
35 3222
3796 3222
46 6414
45 6414
6024 6414
19 377
18 377
3352 377
23 783
22 783
5441 783
42 4912
41 4912
2879 4912
34 2528
33 2528
4394 2528
46 6587
45 6587
3256 6587
8 17
7 17
9727 17
25 1009
24 1009
3184 1009
52 9556
51 9556
3493 9556
30 1655
29 1655
9855 1655
27 1165
26 1165
419 1165
52 9610
51 9610
7853 9610
32 2204
31 2204
1015 2204
34 2546
33 2546
4376 2546
34 2431
33 2431
2826 2431
43 5493
42 5493
8824 5493
50 8517
49 8517
6705 8517
44 5577
43 5577
7579 5577
51 9020
50 9020
8534 9020
48 7597
47 7597
2340 7597
53 9983
52 9983
2613 9983
38 3751
37 3751
2996 3751
48 7456
47 7456
9919 7456
48 7664
47 7664
4287 7664
45 6417
44 6417
4639 6417
25 1025
24 1025
1819 1025
50 8634
49 8634
5034 8634
51 9310
50 9310
8981 9310
36 2912
35 2912
6292 2912
52 9755
51 9755
5441 9755
50 8307
49 8307
549 8307
31 1897
30 1897
9753 1897
48 7653
47 7653
8699 7653
18 324
17 324
5185 324
38 3755
37 3755
9697 3755
31 1932
30 1932
2286 1932
44 5970
43 5970
8966 5970
43 5495
42 5495
848 5495
48 7770
47 7770
7711 7770
47 7084
46 7084
520 7084
50 8836
49 8836
717 8836
52 9947
51 9947
2700 9947
42 4998
41 4998
6874 4998
48 7485
47 7485
9447 7485
47 6898
46 6898
9118 6898
30 1713
29 1713
8154 1713
35 2829
34 2829
4819 2829
51 9109
50 9109
7032 9109
39 3994
38 3994
1685 3994
51 9025
50 9025
2101 9025
43 5484
42 5484
3728 5484
34 2632
33 2632
8068 2632
33 2359
32 2359
6590 2359
37 3357
36 3357
5222 3357
41 4529
40 4529
6069 4529
46 6672
45 6672
218 6672
49 8193
48 8193
3774 8193
43 5418
42 5418
9698 5418
48 7463
47 7463
7933 7463
48 7588
47 7588
4533 7588
40 4068
39 4068
2443 4068
47 7023
46 7023
2139 7023
46 6612
45 6612
4071 6612
35 2764
34 2764
3432 2764
36 3015
35 3015
6885 3015
52 9543
51 9543
7782 9543
51 9024
50 9024
217 9024
52 9743
51 9743
538 9743
39 4100
38 4100
1636 4100
49 7961
48 7961
116 7961
44 6021
43 6021
9215 6021
26 1100
25 1100
5451 1100
23 731
22 731
5566 731
39 3834
38 3834
4815 3834
39 3910
38 3910
4087 3910
43 5592
42 5592
9411 5592
47 6991
46 6991
5897 6991
12 112
11 112
2828 112
39 3874
38 3874
7458 3874
44 5657
43 5657
5544 5657
35 2686
34 2686
1172 2686
29 1617
28 1617
3544 1617
49 8084
48 8084
2658 8084
31 1917
30 1917
4145 1917
46 6482
45 6482
5297 6482
23 729
22 729
4700 729
38 3790
37 3790
989 3790
42 4933
41 4933
1329 4933
32 2163
31 2163
4383 2163
38 3532
37 3532
9939 3532
51 8922
50 8922
3500 8922
40 4392
39 4392
8017 4392
52 9822
51 9822
3013 9822
44 5767
43 5767
5520 5767
28 1433
27 1433
5066 1433
42 4999
41 4999
7297 4999
23 826
22 826
2171 826
30 1730
29 1730
3853 1730
38 3747
37 3747
2644 3747
30 1647
29 1647
8566 1647
34 2455
33 2455
8934 2455
49 7912
48 7912
9642 7912
33 2508
32 2508
2841 2508
43 5499
42 5499
7189 5499
43 5153
42 5153
4865 5153
37 3519
36 3519
8585 3519
40 4123
39 4123
205 4123
51 9157
50 9157
9596 9157
44 5687
43 5687
9979 5687
39 4006
38 4006
5877 4006
49 8064
48 8064
4083 8064
19 435
18 435
5455 435
28 1301
27 1301
5748 1301
52 9693
51 9693
6814 9693
32 2073
31 2073
5639 2073
50 8307
49 8307
2929 8307
36 3061
35 3061
9780 3061
52 9850
51 9850
5838 9850
37 3329
36 3329
5216 3329
24 824
23 824
8078 824
46 6817
45 6817
5948 6817
32 2042
31 2042
2005 2042
29 1640
28 1640
2808 1640
31 1975
30 1975
7931 1975
50 8719
49 8719
7893 8719
25 908
24 908
1601 908
34 2471
33 2471
7615 2471
43 5171
42 5171
3918 5171
50 8680
49 8680
3327 8680
44 5968
43 5968
7803 5968
52 9868
51 9868
9544 9868
49 8229
48 8229
7771 8229
47 6865
46 6865
8420 6865
45 6280
44 6280
7684 6280
39 3967
38 3967
5853 3967
40 4201
39 4201
8017 4201
41 4778
40 4778
6908 4778
49 8137
48 8137
5510 8137
35 2948
34 2948
5870 2948
42 4744
41 4744
8987 4744
40 4293
39 4293
2600 4293
41 4641
40 4641
1 4641
46 6581
45 6581
919 6581
44 5624
43 5624
6791 5624
46 6677
45 6677
7453 6677
45 6525
44 6525
9820 6525
35 2797
34 2797
7828 2797
10 52
9 52
869 52
22 592
21 592
9268 592
32 2147
31 2147
7814 2147
34 2537
33 2537
2866 2537
48 7382
47 7382
2959 7382
41 4732
40 4732
9100 4732
51 9231
50 9231
8918 9231
34 2507
33 2507
7525 2507
47 6840
46 6840
4682 6840
41 4740
40 4740
2088 4740
42 5064
41 5064
8978 5064
50 8351
49 8351
9588 8351
52 9732
51 9732
9185 9732
28 1488
27 1488
2629 1488
39 3965
38 3965
7715 3965
48 7707
47 7707
7758 7707
41 4545
40 4545
4187 4545
45 6364
44 6364
6471 6364
48 7421
47 7421
8295 7421
35 2722
34 2722
7803 2722
30 1805
29 1805
1200 1805
49 7878
48 7878
9919 7878
23 773
22 773
4250 773
50 8412
49 8412
6336 8412
52 9449
51 9449
4304 9449
52 9460
51 9460
7986 9460
38 3772
37 3772
2468 3772
49 8288
48 8288
417 8288
33 2287
32 2287
941 2287
50 8615
49 8615
435 8615
52 9547
51 9547
8243 9547
50 8691
49 8691
5120 8691
48 7502
47 7502
9984 7502
39 4175
38 4175
2117 4175
39 4038
38 4038
1090 4038
38 3621
37 3621
969 3621
31 2040
30 2040
3871 2040
49 8236
48 8236
8993 8236
52 9659
51 9659
8171 9659
40 4169
39 4169
8175 4169
47 7250
46 7250
4586 7250
39 4152
38 4152
5928 4152
44 6034
43 6034
6676 6034
52 9875
51 9875
7391 9875
10 43
9 43
6255 43
27 1302
26 1302
8961 1302
47 6779
46 6779
3284 6779
33 2369
32 2369
4515 2369
47 6808
46 6808
2589 6808
29 1460
28 1460
7039 1460
45 5988
44 5988
6910 5988
23 738
22 738
8797 738
32 2030
31 2030
2168 2030
47 7326
46 7326
7857 7326
52 9583
51 9583
7155 9583
48 7405
47 7405
1953 7405
32 2155
31 2155
205 2155
50 8392
49 8392
7609 8392
32 2187
31 2187
4202 2187
35 2708
34 2708
6769 2708
50 8359
49 8359
505 8359
45 6229
44 6229
6337 6229
41 4578
40 4578
1096 4578
47 7253
46 7253
176 7253
39 4129
38 4129
5382 4129
25 1023
24 1023
6404 1023
40 4358
39 4358
279 4358
33 2425
32 2425
3300 2425
45 6319
44 6319
3758 6319
43 5447
42 5447
7689 5447
23 790
22 790
7628 790
20 483
19 483
1846 483
41 4704
40 4704
8385 4704
37 3385
36 3385
3684 3385
50 8538
49 8538
7868 8538
35 2786
34 2786
8153 2786
47 7034
46 7034
8979 7034
50 8704
49 8704
4129 8704
31 1820
30 1820
5545 1820
43 5310
42 5310
3510 5310
47 7253
46 7253
9720 7253
33 2354
32 2354
1409 2354
33 2378
32 2378
8016 2378
49 8224
48 8224
4011 8224
50 8679
49 8679
6024 8679
19 387
18 387
7552 387
42 4878
41 4878
9787 4878
37 3553
36 3553
7299 3553
30 1651
29 1651
8789 1651
36 3104
35 3104
6776 3104
28 1504
27 1504
2879 1504
51 9068
50 9068
222 9068
44 5918
43 5918
9446 5918
49 8294
48 8294
5682 8294
32 2114
31 2114
304 2114
44 5822
43 5822
6417 5822
29 1551
28 1551
683 1551
36 3076
35 3076
5744 3076
38 3687
37 3687
2101 3687
19 350
18 350
7570 350
22 653
21 653
2754 653
48 7706
47 7706
3743 7706
36 3029
35 3029
3545 3029
52 9673
51 9673
6223 9673
47 6979
46 6979
3466 6979
29 1545
28 1545
5161 1545
43 5655
42 5655
6965 5655
47 6890
46 6890
8077 6890
41 4589
40 4589
7362 4589
29 1618
28 1618
3279 1618
14 125
13 125
4407 125
49 8055
48 8055
9331 8055
44 5635
43 5635
5671 5635
44 5757
43 5757
9878 5757
47 7285
46 7285
1112 7285
42 5109
41 5109
4445 5109
42 4748
41 4748
5450 4748
45 5852
44 5852
1485 5852
47 7257
46 7257
5255 7257
37 3452
36 3452
5878 3452
17 330
16 330
9090 330
48 7576
47 7576
5080 7576
39 4092
38 4092
4633 4092
29 1626
28 1626
6933 1626
18 347
17 347
6928 347
30 1718
29 1718
2508 1718
51 9471
50 9471
7435 9471
49 8201
48 8201
2888 8201
37 3327
36 3327
6556 3327
50 8351
49 8351
4244 8351
40 4414
39 4414
4315 4414
21 591
20 591
3832 591
46 6443
45 6443
5181 6443
32 2089
31 2089
7379 2089
47 6889
46 6889
5134 6889
38 3671
37 3671
5023 3671
27 1238
26 1238
4156 1238
49 8133
48 8133
292 8133
43 5406
42 5406
1160 5406
47 7329
46 7329
6321 7329
43 5497
42 5497
5108 5497
47 7069
46 7069
5121 7069
47 7210
46 7210
9757 7210
47 7053
46 7053
9465 7053
39 3823
38 3823
6302 3823
30 1844
29 1844
4888 1844
36 3042
35 3042
6869 3042
47 7003
46 7003
8495 7003
42 4903
41 4903
8006 4903
30 1793
29 1793
4499 1793
33 2341
32 2341
235 2341
43 5277
42 5277
8719 5277
37 3390
36 3390
4588 3390
46 6747
45 6747
1877 6747
44 5968
43 5968
3572 5968
50 8210
49 8210
4232 8210
21 519
20 519
8451 519
28 1387
27 1387
9241 1387
50 8561
49 8561
8202 8561
16 223
15 223
9750 223
35 2756
34 2756
7360 2756
25 992
24 992
8291 992
49 7822
48 7822
124 7822
49 7974
48 7974
6054 7974
15 173
14 173
5472 173
45 6269
44 6269
291 6269
36 3120
35 3120
5771 3120
36 3207
35 3207
6517 3207
49 8143
48 8143
7357 8143
48 7371
47 7371
6866 7371
27 1298
26 1298
7543 1298
36 3162
35 3162
33 3162
25 1041
24 1041
5694 1041
51 8839
50 8839
2118 8839
45 6162
44 6162
2410 6162
50 8783
49 8783
887 8783
39 3770
38 3770
5937 3770
49 8038
48 8038
3898 8038
46 6479
45 6479
7979 6479
22 631
21 631
9810 631
44 5919
43 5919
9616 5919
37 3313
36 3313
8638 3313
34 2507
33 2507
4728 2507
29 1589
28 1589
8708 1589
47 7148
46 7148
398 7148
22 720
21 720
7902 720
31 1859
30 1859
414 1859
33 2379
32 2379
6827 2379
31 1928
30 1928
6515 1928
37 3444
36 3444
2735 3444
36 3171
35 3171
228 3171
52 9802
51 9802
2284 9802
46 6622
45 6622
2213 6622
51 9290
50 9290
618 9290
49 7863
48 7863
2885 7863
46 6513
45 6513
3847 6513
30 1812
29 1812
7407 1812
34 2572
33 2572
5336 2572
16 243
15 243
2822 243
42 4838
41 4838
9349 4838
52 9677
51 9677
5871 9677
51 8855
50 8855
3457 8855
50 8693
49 8693
66 8693
31 1919
30 1919
3120 1919
33 2258
32 2258
5101 2258
50 8180
49 8180
2205 8180
43 5438
42 5438
1919 5438
30 1831
29 1831
6447 1831
51 8937
50 8937
4950 8937
35 2795
34 2795
1391 2795
38 3518
37 3518
1838 3518
47 6933
46 6933
824 6933
19 432
18 432
3606 432
33 2441
32 2441
2969 2441
44 5707
43 5707
3842 5707
38 3511
37 3511
8667 3511
35 2893
34 2893
9188 2893
37 3208
36 3208
7472 3208
46 6625
45 6625
7939 6625
51 9340
50 9340
5161 9340
49 7951
48 7951
8091 7951
36 3076
35 3076
5780 3076
37 3230
36 3230
1002 3230
22 592
21 592
6904 592
31 1951
30 1951
4334 1951
42 5159
41 5159
3229 5159
43 5433
42 5433
9840 5433
45 6124
44 6124
70 6124
52 9813
51 9813
5271 9813
46 6433
45 6433
6274 6433
31 1914
30 1914
2852 1914
30 1717
29 1717
4436 1717
51 9288
50 9288
1442 9288
39 3974
38 3974
8725 3974
31 1960
30 1960
7562 1960
49 8014
48 8014
8688 8014
50 8243
49 8243
3282 8243
44 5710
43 5710
6032 5710
24 843
23 843
8058 843
26 1092
25 1092
4173 1092
48 7442
47 7442
3236 7442
46 6597
45 6597
5039 6597
42 5069
41 5069
8986 5069
30 1758
29 1758
4531 1758
35 2681
34 2681
4090 2681
41 4547
40 4547
9544 4547
52 9590
51 9590
4823 9590
30 1742
29 1742
6851 1742
42 5158
41 5158
9066 5158
44 5967
43 5967
4005 5967
48 7432
47 7432
9805 7432
37 3459
36 3459
3804 3459
52 9630
51 9630
8291 9630
25 996
24 996
1328 996
26 1045
25 1045
7855 1045
49 7943
48 7943
7802 7943
38 3802
37 3802
3511 3802
28 1399
27 1399
2434 1399
25 969
24 969
244 969
27 1211
26 1211
7039 1211
47 7133
46 7133
889 7133
44 5796
43 5796
9311 5796
44 5877
43 5877
5897 5877
52 9954
51 9954
5765 9954
22 647
21 647
2726 647
38 3759
37 3759
2568 3759
33 2385
32 2385
8105 2385
52 9829
51 9829
2747 9829
28 1342
27 1342
447 1342
45 6417
44 6417
5788 6417
46 6557
45 6557
5353 6557
38 3511
37 3511
9197 3511
50 8794
49 8794
776 8794
30 1716
29 1716
8520 1716
42 4835
41 4835
9566 4835
25 961
24 961
5977 961
27 1231
26 1231
4337 1231
27 1205
26 1205
3967 1205
28 1341
27 1341
6612 1341
40 4216
39 4216
6737 4216
34 2579
33 2579
4735 2579
44 5700
43 5700
7805 5700
31 1871
30 1871
2330 1871
29 1544
28 1544
6337 1544
44 6007
43 6007
4856 6007
25 972
24 972
311 972
37 3433
36 3433
7850 3433
51 9171
50 9171
4132 9171
51 9313
50 9313
2660 9313
34 2455
33 2455
4071 2455
49 8001
48 8001
1420 8001
44 5868
43 5868
5928 5868
49 8119
48 8119
6805 8119
43 5165
42 5165
8233 5165
46 6589
45 6589
5514 6589
38 3835
37 3835
7548 3835
31 1945
30 1945
1278 1945
43 5597
42 5597
5724 5597
47 7018
46 7018
6076 7018
34 2640
33 2640
7702 2640
27 1175
26 1175
3833 1175
21 512
20 512
1233 512
20 473
19 473
1649 473
49 7940
48 7940
3457 7940
35 2802
34 2802
8419 2802
32 2232
31 2232
1301 2232
42 5082
41 5082
2626 5082
35 2993
34 2993
2846 2993
26 1103
25 1103
5107 1103
28 1467
27 1467
9802 1467
49 8224
48 8224
9065 8224
46 6876
45 6876
3086 6876
33 2262
32 2262
6644 2262
30 1631
29 1631
1988 1631
47 6991
46 6991
1108 6991
24 824
23 824
375 824
28 1272
27 1272
1858 1272
33 2342
32 2342
8472 2342
50 8577
49 8577
2908 8577
38 3687
37 3687
4787 3687
32 2011
31 2011
6653 2011
47 6897
46 6897
436 6897
48 7637
47 7637
2278 7637
14 132
13 132
8829 132
33 2356
32 2356
7146 2356
30 1843
29 1843
631 1843
50 8767
49 8767
6401 8767
21 543
20 543
5702 543
52 9370
51 9370
9333 9370
51 8855
50 8855
3597 8855
36 3220
35 3220
5401 3220
30 1756
29 1756
9654 1756
30 1628
29 1628
7200 1628
52 9858
51 9858
1610 9858
45 6440
44 6440
6607 6440
51 9384
50 9384
727 9384
49 7778
48 7778
1913 7778
40 4429
39 4429
4965 4429
28 1316
27 1316
4978 1316
37 3409
36 3409
3823 3409
38 3664
37 3664
6288 3664
47 7254
46 7254
9356 7254
48 7732
47 7732
14 7732
50 8661
49 8661
5056 8661
40 4205
39 4205
3931 4205
46 6553
45 6553
5380 6553
45 6240
44 6240
3805 6240
41 4732
40 4732
9392 4732
48 7698
47 7698
7661 7698
34 2638
33 2638
7776 2638
24 880
23 880
6623 880
44 5662
43 5662
9086 5662
36 3028
35 3028
596 3028
28 1417
27 1417
4737 1417
47 7197
46 7197
96 7197
48 7523
47 7523
6232 7523
22 646
21 646
6114 646
47 6912
46 6912
4935 6912
53 9961
52 9961
7677 9961
44 5819
43 5819
7726 5819
16 248
15 248
3068 248
41 4664
40 4664
9619 4664
40 4142
39 4142
1548 4142
32 2133
31 2133
3669 2133
49 8352
48 8352
5939 8352
31 1854
30 1854
5796 1854
49 8175
48 8175
536 8175
41 4672
40 4672
7714 4672
39 3945
38 3945
4342 3945
37 3259
36 3259
2968 3259
51 9109
50 9109
3017 9109
42 5108
41 5108
6155 5108
29 1508
28 1508
2508 1508
52 9422
51 9422
9840 9422
42 5032
41 5032
9011 5032
42 4903
41 4903
24 4903
35 2758
34 2758
9999 2758
51 9037
50 9037
250 9037
20 472
19 472
584 472
51 9023
50 9023
1545 9023
43 5351
42 5351
9393 5351
36 3062
35 3062
2916 3062
38 3666
37 3666
918 3666
52 9605
51 9605
4454 9605
46 6596
45 6596
4469 6596
44 5837
43 5837
9485 5837
43 5170
42 5170
5046 5170
38 3720
37 3720
6878 3720
43 5385
42 5385
4197 5385
19 444
18 444
8038 444
25 1005
24 1005
9590 1005
44 5803
43 5803
6850 5803
46 6418
45 6418
1087 6418
49 8163
48 8163
605 8163
45 6343
44 6343
5238 6343
29 1680
28 1680
3745 1680
48 7439
47 7439
6530 7439
46 6701
45 6701
1153 6701
48 7398
47 7398
5994 7398
51 9316
50 9316
2141 9316
21 612
20 612
5792 612
38 3629
37 3629
9681 3629
30 1759
29 1759
8140 1759
34 2647
33 2647
9040 2647
44 5642
43 5642
483 5642
41 4808
40 4808
9918 4808
47 6995
46 6995
1181 6995
49 8134
48 8134
4884 8134
8 21
7 21
1984 21
23 706
22 706
4173 706
3 1
2 1
1054 1
52 9725
51 9725
4253 9725
45 5962
44 5962
9160 5962
36 3149
35 3149
324 3149
49 8037
48 8037
6125 8037
32 2277
31 2277
4040 2277
34 2668
33 2668
4697 2668
31 2024
30 2024
3798 2024
46 6459
45 6459
9862 6459
44 5868
43 5868
2410 5868
40 4292
39 4292
6913 4292
32 2137
31 2137
2698 2137
52 9535
51 9535
217 9535
38 3537
37 3537
4796 3537
28 1336
27 1336
6874 1336
32 2207
31 2207
2771 2207
28 1369
27 1369
5675 1369
46 6825
45 6825
7179 6825
47 7198
46 7198
7846 7198
34 2595
33 2595
3991 2595
52 9972
51 9972
1553 9972
31 1967
30 1967
1184 1967
29 1562
28 1562
8340 1562
22 613
21 613
2768 613
45 6192
44 6192
5854 6192
37 3519
36 3519
9538 3519
38 3587
37 3587
4928 3587
28 1465
27 1465
2696 1465
43 5209
42 5209
5780 5209
50 8630
49 8630
3043 8630
52 9536
51 9536
121 9536
50 8601
49 8601
2247 8601
51 9073
50 9073
2563 9073
52 9503
51 9503
2405 9503
51 9019
50 9019
1158 9019
38 3676
37 3676
5147 3676
14 168
13 168
4128 168
37 3275
36 3275
2810 3275
44 5831
43 5831
8263 5831
51 9301
50 9301
9360 9301
50 8724
49 8724
1096 8724
51 9165
50 9165
5158 9165
50 8546
49 8546
1335 8546
28 1363
27 1363
6371 1363
29 1439
28 1439
7053 1439
45 6278
44 6278
8703 6278
50 8666
49 8666
2612 8666
45 6110
44 6110
244 6110
43 5279
42 5279
9589 5279
38 3672
37 3672
9333 3672
43 5500
42 5500
9623 5500
35 2962
34 2962
7297 2962
44 5776
43 5776
4561 5776
31 1872
30 1872
1715 1872
48 7714
47 7714
5571 7714
43 5485
42 5485
3344 5485
17 260
16 260
4803 260
48 7636
47 7636
9721 7636
42 4851
41 4851
8318 4851
48 7844
47 7844
1374 7844
17 293
16 293
3660 293
50 8582
49 8582
3627 8582
48 7302
47 7302
6474 7302
37 3325
36 3325
3461 3325
33 2398
32 2398
1354 2398
49 8121
48 8121
3464 8121
26 1017
25 1017
9086 1017
31 1947
30 1947
5227 1947
33 2322
32 2322
5154 2322
31 2041
30 2041
1833 2041
22 661
21 661
5015 661
52 9812
51 9812
5025 9812
43 5275
42 5275
3534 5275
38 3647
37 3647
3269 3647
35 2767
34 2767
6130 2767
41 4518
40 4518
9948 4518
42 4963
41 4963
8706 4963
52 9329
51 9329
8237 9329
40 4458
39 4458
389 4458
35 2704
34 2704
7075 2704
28 1503
27 1503
9588 1503
50 8664
49 8664
6115 8664
52 9366
51 9366
8165 9366
51 9187
50 9187
9492 9187
18 351
17 351
3822 351
30 1723
29 1723
2729 1723
35 2845
34 2845
2884 2845
43 5438
42 5438
2314 5438
7 20
6 20
1399 20
18 317
17 317
1091 317
45 6149
44 6149
1969 6149
29 1511
28 1511
1584 1511
45 6108
44 6108
5494 6108
39 3823
38 3823
5949 3823
41 4529
40 4529
6900 4529
47 7300
46 7300
3059 7300
28 1423
27 1423
8982 1423
26 1074
25 1074
6306 1074
52 9685
51 9685
6005 9685
27 1320
26 1320
6288 1320
27 1281
26 1281
9272 1281
51 8927
50 8927
299 8927
45 6070
44 6070
6847 6070
19 389
18 389
6008 389
33 2329
32 2329
8070 2329
29 1673
28 1673
2992 1673
23 684
22 684
1603 684
42 4848
41 4848
8129 4848
47 6833
46 6833
4928 6833
28 1414
27 1414
5292 1414
51 9074
50 9074
4348 9074
33 2306
32 2306
4708 2306
34 2488
33 2488
8108 2488
32 2192
31 2192
2896 2192
46 6530
45 6530
2087 6530
33 2257
32 2257
3172 2257
25 914
24 914
3685 914
12 80
11 80
8752 80
50 8618
49 8618
1984 8618
46 6913
45 6913
4954 6913
34 2577
33 2577
5195 2577
51 9472
50 9472
1077 9472
35 2813
34 2813
5669 2813
31 1991
30 1991
1137 1991
51 9019
50 9019
8502 9019
45 6106
44 6106
69 6106
49 8279
48 8279
2248 8279
16 197
15 197
8537 197
51 8904
50 8904
6424 8904
45 6421
44 6421
39 6421
50 8660
49 8660
2358 8660
25 943
24 943
2487 943
50 8613
49 8613
4494 8613
42 5187
41 5187
5950 5187
42 4858
41 4858
7541 4858
10 55
9 55
2605 55
30 1664
29 1664
8699 1664
43 5536
42 5536
8258 5536
52 9755
51 9755
5065 9755
46 6902
45 6902
6194 6902
47 6896
46 6896
264 6896
34 2712
33 2712
1816 2712
40 4209
39 4209
9940 4209
33 2344
32 2344
1377 2344
40 4216
39 4216
1921 4216
25 1023
24 1023
3411 1023
40 4308
39 4308
6803 4308
41 4615
40 4615
3108 4615
45 6326
44 6326
3897 6326
48 7579
47 7579
4743 7579
40 4227
39 4227
6433 4227
44 5662
43 5662
698 5662
40 4329
39 4329
4656 4329
45 6031
44 6031
6160 6031
41 4752
40 4752
9723 4752
33 2315
32 2315
1517 2315
43 5149
42 5149
4311 5149
52 9789
51 9789
9910 9789
40 4256
39 4256
8171 4256
46 6699
45 6699
5356 6699
31 1970
30 1970
3035 1970
49 7823
48 7823
9384 7823
31 1948
30 1948
303 1948
28 1455
27 1455
3022 1455
48 7310
47 7310
3328 7310
42 4879
41 4879
9882 4879
48 7648
47 7648
4449 7648
17 282
16 282
6596 282
46 6569
45 6569
1673 6569
26 1098
25 1098
2485 1098
48 7783
47 7783
5276 7783
41 4441
40 4441
5279 4441
29 1542
28 1542
6518 1542
44 5940
43 5940
1434 5940
49 8350
48 8350
9126 8350
45 6023
44 6023
7074 6023
31 1996
30 1996
636 1996
42 4879
41 4879
3800 4879
47 7002
46 7002
8441 7002
40 4091
39 4091
2521 4091
51 9006
50 9006
2361 9006
30 1749
29 1749
7662 1749
51 9239
50 9239
8142 9239
43 5590
42 5590
5489 5590
41 4863
40 4863
413 4863
43 5326
42 5326
7825 5326
45 5935
44 5935
9156 5935
29 1583
28 1583
374 1583
47 7186
46 7186
5108 7186
40 4070
39 4070
586 4070
13 111
12 111
685 111
21 587
20 587
1101 587
52 9772
51 9772
3837 9772
33 2408
32 2408
192 2408
38 3617
37 3617
4187 3617
49 8208
48 8208
9405 8208
36 3147
35 3147
5440 3147
37 3338
36 3338
8966 3338
46 6457
45 6457
5305 6457
38 3697
37 3697
2259 3697
29 1533
28 1533
9135 1533
20 467
19 467
2217 467
45 6079
44 6079
2264 6079
44 5678
43 5678
1833 5678
40 4168
39 4168
1836 4168
45 6333
44 6333
7803 6333
47 6963
46 6963
387 6963
33 2458
32 2458
5394 2458
50 8315
49 8315
4629 8315
46 6459
45 6459
9648 6459
47 7296
46 7296
9086 7296
37 3349
36 3349
5705 3349
52 9651
51 9651
9638 9651
44 5920
43 5920
6408 5920
17 269
16 269
4969 269
43 5539
42 5539
7491 5539
35 2903
34 2903
3873 2903
42 4975
41 4975
4423 4975
36 3022
35 3022
9279 3022
12 74
11 74
3183 74
48 7534
47 7534
9834 7534
40 4287
39 4287
941 4287
10 57
9 57
8682 57
41 4528
40 4528
4736 4528
40 4392
39 4392
3451 4392
46 6730
45 6730
200 6730
43 5520
42 5520
3130 5520
39 4075
38 4075
7826 4075
42 4957
41 4957
5395 4957
35 2950
34 2950
5554 2950
50 8636
49 8636
3741 8636
37 3340
36 3340
1522 3340
50 8664
49 8664
9880 8664
26 1102
25 1102
2741 1102
14 145
13 145
5800 145
50 8704
49 8704
6199 8704
25 935
24 935
8041 935
51 9097
50 9097
9789 9097
48 7579
47 7579
2080 7579
50 8494
49 8494
1722 8494
52 9955
51 9955
6646 9955
37 3466
36 3466
7725 3466
33 2311
32 2311
5557 2311
43 5494
42 5494
3141 5494
24 894
23 894
5558 894
32 1988
31 1988
3990 1988
52 9298
51 9298
1332 9298
42 4948
41 4948
996 4948
38 3627
37 3627
5753 3627
48 7555
47 7555
3732 7555
47 6806
46 6806
1100 6806
40 4431
39 4431
9249 4431
44 5529
43 5529
9241 5529
47 7210
46 7210
6665 7210
47 6996
46 6996
251 6996
49 7847
48 7847
2588 7847
50 8586
49 8586
1324 8586
49 7901
48 7901
1203 7901
41 4615
40 4615
7504 4615
42 5048
41 5048
75 5048
42 5118
41 5118
6084 5118
15 170
14 170
2806 170
40 4340
39 4340
1868 4340
52 9369
51 9369
9278 9369
49 7790
48 7790
4323 7790
42 4944
41 4944
727 4944
24 804
23 804
6260 804
52 9451
51 9451
385 9451
47 7079
46 7079
4306 7079
42 5091
41 5091
4020 5091
24 791
23 791
2684 791
38 3672
37 3672
2473 3672
39 3722
38 3722
8703 3722
30 1741
29 1741
4824 1741
24 960
23 960
742 960
52 9551
51 9551
2605 9551
39 3891
38 3891
1945 3891
45 6110
44 6110
9880 6110
32 1973
31 1973
5750 1973
41 4542
40 4542
1700 4542
38 3671
37 3671
14 3671
48 7624
47 7624
3446 7624
25 976
24 976
4648 976
47 6921
46 6921
9630 6921
32 2205
31 2205
6467 2205
30 1769
29 1769
9043 1769
49 8113
48 8113
8484 8113
34 2462
33 2462
103 2462
44 5679
43 5679
4581 5679
34 2648
33 2648
5126 2648
40 4465
39 4465
8994 4465
21 530
20 530
3715 530
51 9138
50 9138
5274 9138
45 6307
44 6307
338 6307
52 9758
51 9758
649 9758
38 3535
37 3535
5416 3535
50 8479
49 8479
4494 8479
52 9612
51 9612
4562 9612
50 8583
49 8583
186 8583
50 8678
49 8678
8471 8678
11 67
10 67
1047 67
38 3535
37 3535
82 3535
45 6269
44 6269
6575 6269
48 7441
47 7441
6396 7441
34 2571
33 2571
5987 2571
42 4853
41 4853
420 4853
28 1430
27 1430
7536 1430
42 4918
41 4918
9031 4918
36 2956
35 2956
8728 2956
52 9680
51 9680
1110 9680
44 5718
43 5718
1382 5718
47 7189
46 7189
4504 7189
48 7752
47 7752
8726 7752
47 7316
46 7316
7063 7316
39 4109
38 4109
8218 4109
49 8133
48 8133
8429 8133
43 5244
42 5244
4013 5244
44 5872
43 5872
4418 5872
48 7363
47 7363
7396 7363
34 2715
33 2715
9595 2715
48 7414
47 7414
6867 7414
40 4256
39 4256
4136 4256
50 8446
49 8446
364 8446
26 1135
25 1135
8903 1135
46 6846
45 6846
4121 6846
35 2877
34 2877
8663 2877
34 2492
33 2492
7021 2492
46 6616
45 6616
4215 6616
15 191
14 191
6132 191
42 4823
41 4823
3250 4823
27 1251
26 1251
5155 1251
39 4048
38 4048
4254 4048
42 4823
41 4823
7908 4823
37 3335
36 3335
8551 3335
20 501
19 501
20 501
39 4003
38 4003
5570 4003
45 6094
44 6094
8221 6094
40 4285
39 4285
3612 4285
40 4269
39 4269
7976 4269
25 994
24 994
4843 994
41 4761
40 4761
4745 4761
44 5690
43 5690
133 5690
24 815
23 815
3271 815
38 3805
37 3805
2414 3805
45 6362
44 6362
9434 6362
31 1938
30 1938
4337 1938
22 597
21 597
6111 597
44 5920
43 5920
8670 5920
50 8857
49 8857
7987 8857
49 8153
48 8153
523 8153
49 7955
48 7955
861 7955
28 1430
27 1430
4066 1430
32 2156
31 2156
775 2156
36 3107
35 3107
7745 3107
45 6088
44 6088
2316 6088
52 9706
51 9706
5545 9706
51 8860
50 8860
5628 8860
48 7608
47 7608
6353 7608
32 2211
31 2211
2244 2211
40 4168
39 4168
4995 4168
25 1038
24 1038
7443 1038
41 4397
40 4397
9261 4397
48 7816
47 7816
1190 7816
49 7748
48 7748
8279 7748
20 471
19 471
9582 471
49 8161
48 8161
1770 8161
43 5616
42 5616
1217 5616
23 758
22 758
5395 758
34 2677
33 2677
1462 2677
44 5790
43 5790
9784 5790
46 6402
45 6402
795 6402
51 9159
50 9159
1445 9159
48 7622
47 7622
8694 7622
42 5098
41 5098
4140 5098
52 9562
51 9562
1361 9562
49 7797
48 7797
7989 7797
52 9541
51 9541
1507 9541
43 5544
42 5544
2629 5544
51 9108
50 9108
7693 9108
40 4119
39 4119
934 4119
41 4549
40 4549
4258 4549
48 7335
47 7335
6482 7335
49 7917
48 7917
6649 7917
45 6213
44 6213
2956 6213
44 5501
43 5501
9852 5501
46 6844
45 6844
2369 6844
48 7494
47 7494
90 7494
44 5974
43 5974
3701 5974
49 8250
48 8250
1855 8250
32 2091
31 2091
6649 2091
51 9009
50 9009
6146 9009
36 3059
35 3059
7198 3059
36 3267
35 3267
7728 3267
41 4653
40 4653
1299 4653
28 1408
27 1408
2085 1408
49 8202
48 8202
8548 8202
35 2771
34 2771
7881 2771
50 8713
49 8713
6837 8713
48 7888
47 7888
7452 7888
33 2343
32 2343
7786 2343
44 5693
43 5693
7718 5693
51 9204
50 9204
9827 9204
52 9785
51 9785
9123 9785
49 8148
48 8148
6970 8148
50 8643
49 8643
4189 8643
51 9107
50 9107
323 9107
45 6299
44 6299
4958 6299
50 8307
49 8307
2678 8307
44 5659
43 5659
5037 5659
48 7801
47 7801
16 7801
43 5260
42 5260
2885 5260
45 6298
44 6298
8095 6298
22 633
21 633
8082 633
40 4119
39 4119
5427 4119
46 6669
45 6669
5016 6669
38 3583
37 3583
9487 3583
43 5096
42 5096
3234 5096
45 6266
44 6266
9247 6266
52 9498
51 9498
4780 9498
40 4320
39 4320
5294 4320
20 483
19 483
1276 483
47 7136
46 7136
2725 7136
27 1344
26 1344
7598 1344
49 7882
48 7882
8468 7882
41 4522
40 4522
6842 4522
32 2115
31 2115
3404 2115
41 4564
40 4564
5713 4564
49 8036
48 8036
9191 8036
29 1635
28 1635
5729 1635
53 9929
52 9929
874 9929
39 3891
38 3891
6502 3891
37 3417
36 3417
4383 3417
32 2085
31 2085
4085 2085
49 8134
48 8134
6403 8134
40 4358
39 4358
500 4358
35 2837
34 2837
2266 2837
38 3637
37 3637
3037 3637
43 5129
42 5129
1874 5129
37 3393
36 3393
2474 3393
50 8374
49 8374
7965 8374
43 5352
42 5352
4563 5352
38 3850
37 3850
9856 3850
24 836
23 836
1664 836
26 1107
25 1107
1821 1107
35 2680
34 2680
8882 2680
43 5578
42 5578
7506 5578
51 8999
50 8999
2838 8999
51 9010
50 9010
1634 9010
33 2395
32 2395
7462 2395
49 8119
48 8119
8108 8119
49 8314
48 8314
1183 8314
40 4317
39 4317
9293 4317
48 7402
47 7402
7654 7402
32 2188
31 2188
3372 2188
44 5882
43 5882
5809 5882
50 8679
49 8679
1948 8679
46 6822
45 6822
5856 6822
40 4475
39 4475
9937 4475
31 1798
30 1798
6934 1798
44 5695
43 5695
8014 5695
40 4391
39 4391
2729 4391
41 4652
40 4652
4436 4652
40 4258
39 4258
7937 4258
37 3354
36 3354
1559 3354
51 9155
50 9155
6645 9155
28 1345
27 1345
7784 1345
29 1461
28 1461
3271 1461
52 9529
51 9529
5428 9529
39 3838
38 3838
1348 3838
51 9230
50 9230
3796 9230
48 7301
47 7301
1585 7301
43 5536
42 5536
9859 5536
50 8662
49 8662
9658 8662
31 1927
30 1927
1705 1927
50 8656
49 8656
3863 8656
33 2252
32 2252
8085 2252
51 9181
50 9181
850 9181
43 5470
42 5470
2606 5470
35 2809
34 2809
9032 2809
49 7963
48 7963
2738 7963
35 2923
34 2923
464 2923
32 2199
31 2199
3860 2199
51 9322
50 9322
7723 9322
19 350
18 350
2283 350
43 5340
42 5340
3391 5340
45 5989
44 5989
6828 5989
41 4630
40 4630
4754 4630
44 5583
43 5583
2105 5583
48 7735
47 7735
6088 7735
41 4472
40 4472
9111 4472
44 5672
43 5672
2631 5672
35 2941
34 2941
7659 2941
21 591
20 591
7935 591
43 5351
42 5351
1682 5351
50 8388
49 8388
7921 8388
43 5521
42 5521
7956 5521
35 2684
34 2684
8768 2684
50 8835
49 8835
3011 8835
49 8285
48 8285
4523 8285
45 6012
44 6012
8887 6012
51 8828
50 8828
8683 8828
42 5068
41 5068
9084 5068
35 2780
34 2780
7789 2780
48 7707
47 7707
7636 7707
30 1763
29 1763
9637 1763
38 3527
37 3527
2596 3527
47 6984
46 6984
7693 6984
53 9953
52 9953
8330 9953
45 6024
44 6024
5413 6024
28 1341
27 1341
5027 1341
39 3868
38 3868
3991 3868
32 2168
31 2168
3386 2168
53 9896
52 9896
9859 9896
28 1400
27 1400
4429 1400
49 8192
48 8192
5661 8192
50 8609
49 8609
9445 8609
51 9083
50 9083
2726 9083
36 3253
35 3253
9965 3253
10 57
9 57
960 57
30 1755
29 1755
9225 1755
18 378
17 378
8632 378
46 6698
45 6698
7240 6698
47 6983
46 6983
279 6983
52 9912
51 9912
4455 9912
36 3034
35 3034
955 3034
50 8620
49 8620
909 8620
24 847
23 847
8884 847
41 4667
40 4667
2989 4667
52 9781
51 9781
922 9781
42 4977
41 4977
3291 4977
46 6731
45 6731
7291 6731
39 4018
38 4018
1777 4018
51 9440
50 9440
6253 9440
23 738
22 738
9699 738
29 1538
28 1538
5270 1538
48 7787
47 7787
1963 7787
43 5350
42 5350
9365 5350
33 2379
32 2379
8260 2379
22 665
21 665
929 665
42 5010
41 5010
5717 5010
19 445
18 445
5191 445
40 4483
39 4483
4438 4483
30 1778
29 1778
839 1778
45 6129
44 6129
5950 6129
43 5231
42 5231
3780 5231
46 6681
45 6681
3731 6681
43 5377
42 5377
636 5377
47 7059
46 7059
5188 7059
51 8832
50 8832
8989 8832
51 9051
50 9051
5071 9051
37 3437
36 3437
1102 3437
51 9159
50 9159
561 9159
43 5469
42 5469
2885 5469
52 9945
51 9945
2073 9945
48 7602
47 7602
9870 7602
36 2996
35 2996
6028 2996
50 8520
49 8520
2397 8520
32 2122
31 2122
7683 2122
52 9394
51 9394
875 9394
52 9498
51 9498
9159 9498
29 1551
28 1551
4476 1551
45 6510
44 6510
2494 6510
41 4507
40 4507
8422 4507
47 7251
46 7251
5074 7251
35 2680
34 2680
2396 2680
41 4730
40 4730
6740 4730
49 8322
48 8322
10000 8322
52 9495
51 9495
4197 9495
44 5864
43 5864
4755 5864
44 5882
43 5882
6706 5882
25 1071
24 1071
6314 1071
47 6849
46 6849
3032 6849
48 7492
47 7492
7016 7492
50 8597
49 8597
3165 8597
47 7379
46 7379
2837 7379
35 2759
34 2759
6571 2759
37 3504
36 3504
6328 3504
16 227
15 227
1253 227
42 4873
41 4873
6485 4873
37 3260
36 3260
2964 3260
38 3688
37 3688
1499 3688
44 5744
43 5744
7842 5744
49 8143
48 8143
6328 8143
40 4098
39 4098
7434 4098
34 2565
33 2565
4634 2565
46 6598
45 6598
5077 6598
23 697
22 697
8596 697
41 4764
40 4764
3100 4764
50 8491
49 8491
5396 8491
38 3587
37 3587
2286 3587
39 4086
38 4086
9928 4086
44 5958
43 5958
6242 5958
50 8730
49 8730
1098 8730
22 623
21 623
7051 623
28 1433
27 1433
4055 1433
49 7987
48 7987
8014 7987
30 1782
29 1782
3292 1782
44 6062
43 6062
8828 6062
25 972
24 972
5703 972
21 561
20 561
5217 561
51 8906
50 8906
7421 8906
47 7093
46 7093
5142 7093
24 853
23 853
8312 853
48 7558
47 7558
4572 7558
52 9479
51 9479
5081 9479
39 3789
38 3789
1267 3789
39 4176
38 4176
9033 4176
40 4282
39 4282
9550 4282
19 468
18 468
2681 468
40 4511
39 4511
1280 4511
26 1110
25 1110
4967 1110
48 7700
47 7700
1747 7700
49 7851
48 7851
8080 7851
42 5213
41 5213
2445 5213
46 6416
45 6416
2033 6416
44 5741
43 5741
3439 5741
9 40
8 40
7500 40
45 6128
44 6128
5158 6128
51 9090
50 9090
7157 9090
50 8601
49 8601
6315 8601
42 4745
41 4745
1285 4745
47 7290
46 7290
167 7290
14 145
13 145
1809 145
25 1009
24 1009
5265 1009
33 2300
32 2300
3388 2300
24 860
23 860
9387 860
20 517
19 517
4878 517
31 1852
30 1852
4838 1852
37 3576
36 3576
5867 3576
37 3418
36 3418
4965 3418
30 1698
29 1698
2929 1698
52 9804
51 9804
330 9804
41 4695
40 4695
8585 4695
32 2243
31 2243
5351 2243
36 3207
35 3207
8526 3207
48 7618
47 7618
3500 7618
49 7652
48 7652
6881 7652
43 5411
42 5411
5625 5411
39 3916
38 3916
3196 3916
52 9903
51 9903
4292 9903
34 2485
33 2485
5203 2485
44 5682
43 5682
7151 5682
33 2541
32 2541
2771 2541
45 6329
44 6329
1917 6329
41 4778
40 4778
9426 4778
30 1735
29 1735
9078 1735
49 8215
48 8215
9057 8215
47 7052
46 7052
6063 7052
44 5804
43 5804
3011 5804
28 1427
27 1427
5629 1427
39 3993
38 3993
2329 3993
52 9546
51 9546
8607 9546
36 3011
35 3011
6479 3011
38 3494
37 3494
7640 3494
53 9956
52 9956
8115 9956
45 6040
44 6040
9993 6040
49 7839
48 7839
1927 7839
46 6751
45 6751
8437 6751
48 7502
47 7502
4819 7502
34 2468
33 2468
7790 2468
52 9574
51 9574
5975 9574
28 1413
27 1413
626 1413
43 5152
42 5152
5310 5152
52 9478
51 9478
871 9478
45 6110
44 6110
9320 6110
19 444
18 444
2189 444
49 8125
48 8125
2204 8125
47 7141
46 7141
3972 7141
42 4853
41 4853
9788 4853
38 3699
37 3699
5075 3699
34 2679
33 2679
4059 2679
50 8570
49 8570
1287 8570
30 1721
29 1721
8305 1721
48 7307
47 7307
5094 7307
52 9900
51 9900
8982 9900
47 7091
46 7091
3303 7091
52 9917
51 9917
1885 9917
35 2711
34 2711
8906 2711
34 2628
33 2628
8961 2628
51 8951
50 8951
1819 8951
25 1038
24 1038
1826 1038
38 3672
37 3672
3990 3672
50 8376
49 8376
126 8376
47 7309
46 7309
5770 7309
52 9630
51 9630
8930 9630
47 7110
46 7110
3834 7110
45 6068
44 6068
2317 6068
52 9392
51 9392
7583 9392
34 2740
33 2740
7684 2740
26 1033
25 1033
3874 1033
44 5733
43 5733
3635 5733
36 2986
35 2986
578 2986
27 1263
26 1263
101 1263
40 4122
39 4122
3697 4122
29 1540
28 1540
1102 1540
40 4343
39 4343
8038 4343
35 2874
34 2874
6867 2874
30 1686
29 1686
8742 1686
43 5251
42 5251
1972 5251
25 1006
24 1006
3133 1006
31 1946
30 1946
1860 1946
20 471
19 471
4792 471
47 7035
46 7035
1313 7035
30 1735
29 1735
7668 1735
49 7736
48 7736
4090 7736
48 7471
47 7471
2062 7471
38 3738
37 3738
6512 3738
38 3582
37 3582
3 3582
25 1027
24 1027
2924 1027
26 1104
25 1104
5271 1104
39 3808
38 3808
3762 3808
32 2113
31 2113
9944 2113
35 2897
34 2897
4283 2897
33 2406
32 2406
7370 2406
42 5132
41 5132
115 5132
22 703
21 703
6087 703
43 5475
42 5475
4585 5475
51 9349
50 9349
3025 9349
51 9052
50 9052
4368 9052
50 8570
49 8570
1845 8570
36 2996
35 2996
8076 2996
49 8235
48 8235
2054 8235
45 6069
44 6069
4204 6069
38 3723
37 3723
722 3723
32 2214
31 2214
3253 2214
48 7487
47 7487
3355 7487
49 8311
48 8311
1845 8311
47 7169
46 7169
8193 7169
11 72
10 72
7030 72
24 861
23 861
9090 861
51 9006
50 9006
5941 9006
45 6040
44 6040
4392 6040
15 190
14 190
7866 190
41 4611
40 4611
2909 4611
42 4982
41 4982
6399 4982
51 9356
50 9356
5731 9356
49 7909
48 7909
5044 7909
23 698
22 698
3656 698
35 2929
34 2929
4422 2929
51 8940
50 8940
9391 8940
46 6749
45 6749
241 6749
37 3460
36 3460
1 3460
43 5498
42 5498
9290 5498
30 1655
29 1655
7713 1655
48 7735
47 7735
3275 7735
38 3516
37 3516
6815 3516
30 1607
29 1607
4751 1607
45 6299
44 6299
1553 6299
35 2792
34 2792
6582 2792
52 9919
51 9919
4650 9919
52 9607
51 9607
3256 9607
43 5165
42 5165
4983 5165
49 8153
48 8153
5516 8153
50 8541
49 8541
6608 8541
37 3522
36 3522
6942 3522
21 600
20 600
1477 600
41 4487
40 4487
4508 4487
43 5380
42 5380
5961 5380
44 5798
43 5798
4959 5798
36 3101
35 3101
9874 3101
39 3955
38 3955
5968 3955
36 3038
35 3038
756 3038
40 4168
39 4168
7648 4168
47 7087
46 7087
7423 7087
50 8446
49 8446
6044 8446
45 6222
44 6222
7433 6222
44 5733
43 5733
2589 5733
39 3975
38 3975
1446 3975
52 9534
51 9534
5784 9534
40 4179
39 4179
2573 4179
48 7936
47 7936
8190 7936
32 2055
31 2055
4031 2055
34 2635
33 2635
830 2635
42 4881
41 4881
318 4881
52 9913
51 9913
8174 9913
43 5401
42 5401
1113 5401
48 7470
47 7470
1282 7470
42 5126
41 5126
3709 5126
33 2444
32 2444
9056 2444
49 8112
48 8112
3823 8112
39 3817
38 3817
1797 3817
31 2006
30 2006
9726 2006
51 9315
50 9315
7234 9315
53 9794
52 9794
7227 9794
42 4829
41 4829
5218 4829
44 5524
43 5524
5553 5524
46 6541
45 6541
726 6541
29 1511
28 1511
921 1511
51 8803
50 8803
8391 8803
53 9916
52 9916
6548 9916
43 5255
42 5255
3633 5255
48 7824
47 7824
7033 7824
25 976
24 976
7861 976
32 2089
31 2089
8470 2089
33 2464
32 2464
9408 2464
29 1605
28 1605
70 1605
52 9475
51 9475
5469 9475
52 9395
51 9395
1761 9395
47 7024
46 7024
8195 7024
18 331
17 331
1058 331
47 7270
46 7270
1403 7270
40 4355
39 4355
326 4355
24 876
23 876
4738 876
52 9540
51 9540
6234 9540
49 8013
48 8013
875 8013
52 9822
51 9822
9784 9822
39 3799
38 3799
3212 3799
51 9081
50 9081
7925 9081
52 9955
51 9955
452 9955
44 5553
43 5553
8818 5553
32 2216
31 2216
1576 2216
39 4105
38 4105
2820 4105
53 9960
52 9960
4572 9960
21 531
20 531
6390 531
33 2256
32 2256
3018 2256
50 8748
49 8748
1527 8748
49 8019
48 8019
2545 8019
29 1491
28 1491
4100 1491
41 4860
40 4860
1229 4860
51 9472
50 9472
2150 9472
39 4013
38 4013
4047 4013
38 3751
37 3751
2870 3751
39 3945
38 3945
7378 3945
42 4881
41 4881
8021 4881
44 5981
43 5981
2713 5981
30 1793
29 1793
7266 1793
49 8049
48 8049
4945 8049
48 7724
47 7724
1197 7724
39 3927
38 3927
975 3927
38 3676
37 3676
1465 3676
28 1417
27 1417
1412 1417
52 9422
51 9422
8507 9422
45 6255
44 6255
4089 6255
52 9267
51 9267
7797 9267
24 871
23 871
5478 871
48 7643
47 7643
5315 7643
45 6191
44 6191
7170 6191
27 1250
26 1250
8288 1250
44 5646
43 5646
1668 5646
37 3337
36 3337
5907 3337
33 2203
32 2203
2228 2203
33 2362
32 2362
1543 2362
49 7996
48 7996
6408 7996
46 6676
45 6676
6493 6676
48 7584
47 7584
7907 7584
32 2085
31 2085
7227 2085
21 556
20 556
1940 556
33 2386
32 2386
6546 2386
42 4950
41 4950
680 4950
48 7821
47 7821
544 7821
40 4327
39 4327
7958 4327
51 9067
50 9067
5060 9067
51 9076
50 9076
2812 9076
52 9980
51 9980
1040 9980
41 4672
40 4672
1240 4672
49 7994
48 7994
2283 7994
18 351
17 351
5943 351
35 2932
34 2932
4888 2932
48 7483
47 7483
1410 7483
48 7463
47 7463
6580 7463
47 7034
46 7034
5448 7034
42 4908
41 4908
2339 4908
43 5121
42 5121
4984 5121
40 4356
39 4356
5568 4356
36 3127
35 3127
803 3127
24 878
23 878
3767 878
45 6128
44 6128
1523 6128
49 8250
48 8250
517 8250
31 2061
30 2061
3288 2061
46 6735
45 6735
8908 6735
38 3655
37 3655
7590 3655
26 1102
25 1102
3369 1102
24 791
23 791
2903 791
47 7031
46 7031
9459 7031
38 3651
37 3651
1489 3651
24 836
23 836
6154 836
52 9296
51 9296
2782 9296
24 881
23 881
3453 881
36 2984
35 2984
4803 2984
23 718
22 718
617 718
52 9783
51 9783
9327 9783
47 6910
46 6910
9691 6910
47 6933
46 6933
7374 6933
33 2299
32 2299
5036 2299
40 4255
39 4255
7836 4255
44 5788
43 5788
8304 5788
45 6125
44 6125
2587 6125
37 3459
36 3459
5087 3459
39 3935
38 3935
2228 3935
32 2099
31 2099
3189 2099
48 7214
47 7214
350 7214
25 1025
24 1025
1654 1025
48 7355
47 7355
4842 7355
41 4519
40 4519
893 4519
50 8721
49 8721
4744 8721
17 260
16 260
5269 260
51 9174
50 9174
8050 9174
39 3913
38 3913
1962 3913
43 5395
42 5395
2728 5395
44 5713
43 5713
6365 5713
43 5351
42 5351
9450 5351
47 7234
46 7234
1503 7234
43 5571
42 5571
6102 5571
41 4576
40 4576
9291 4576
34 2674
33 2674
3711 2674
47 7136
46 7136
555 7136
34 2492
33 2492
6022 2492
47 7133
46 7133
8752 7133
49 8088
48 8088
3722 8088
47 6872
46 6872
8475 6872
25 958
24 958
9762 958
52 9847
51 9847
4049 9847
46 6517
45 6517
3491 6517
21 551
20 551
4707 551
52 9569
51 9569
4513 9569
28 1407
27 1407
6396 1407
40 4350
39 4350
311 4350
41 4616
40 4616
6633 4616
37 3355
36 3355
3235 3355
38 3805
37 3805
6445 3805
50 8544
49 8544
6587 8544
44 5723
43 5723
6782 5723
39 3857
38 3857
3771 3857
43 5434
42 5434
8922 5434
21 545
20 545
9447 545
38 3704
37 3704
8325 3704
51 8769
50 8769
4068 8769
36 3201
35 3201
8296 3201
21 519
20 519
8156 519
21 527
20 527
8668 527
39 3937
38 3937
2161 3937
49 7878
48 7878
8673 7878
41 4474
40 4474
1247 4474
39 3998
38 3998
1163 3998
36 3109
35 3109
3237 3109
35 2857
34 2857
4223 2857
50 8429
49 8429
5707 8429
17 306
16 306
6847 306
24 846
23 846
7245 846
36 2984
35 2984
4310 2984
53 9891
52 9891
4814 9891
25 1065
24 1065
9008 1065
44 5913
43 5913
4469 5913
49 8090
48 8090
1322 8090
50 8606
49 8606
2900 8606
43 5441
42 5441
2090 5441
46 6708
45 6708
8617 6708
51 9122
50 9122
41 9122
50 8243
49 8243
8398 8243
24 868
23 868
8087 868
42 4815
41 4815
9991 4815
30 1801
29 1801
6451 1801
50 8704
49 8704
5107 8704
24 843
23 843
4402 843
50 8476
49 8476
3371 8476
47 7379
46 7379
2332 7379
50 8572
49 8572
28 8572
21 571
20 571
2841 571
47 7360
46 7360
6876 7360
49 8099
48 8099
1867 8099
43 5568
42 5568
7080 5568
27 1332
26 1332
4234 1332
44 5843
43 5843
9566 5843
33 2481
32 2481
7193 2481
48 7565
47 7565
7125 7565
27 1241
26 1241
6789 1241
52 9758
51 9758
6084 9758
48 7543
47 7543
832 7543
48 7857
47 7857
1365 7857
23 718
22 718
3438 718
47 6794
46 6794
6593 6794
33 2312
32 2312
1710 2312
41 4497
40 4497
8961 4497
48 7623
47 7623
5910 7623
32 2146
31 2146
5139 2146
47 7089
46 7089
47 7089
38 3493
37 3493
6418 3493
17 330
16 330
344 330
49 7822
48 7822
8389 7822
48 7362
47 7362
5910 7362
32 2025
31 2025
6304 2025
43 5207
42 5207
970 5207
43 5601
42 5601
2551 5601
26 1139
25 1139
7941 1139
50 8728
49 8728
649 8728
36 3080
35 3080
4956 3080
32 2062
31 2062
436 2062
46 6551
45 6551
617 6551
35 2786
34 2786
3229 2786
49 8196
48 8196
1886 8196
48 7695
47 7695
5672 7695
39 3942
38 3942
3191 3942
46 6475
45 6475
3040 6475
26 1096
25 1096
4873 1096
42 4796
41 4796
4775 4796
49 8223
48 8223
7817 8223
52 9674
51 9674
9972 9674
41 4673
40 4673
5560 4673
21 578
20 578
8677 578
7 16
6 16
2124 16
44 5693
43 5693
5245 5693
47 6987
46 6987
801 6987
27 1136
26 1136
3341 1136
40 4335
39 4335
2600 4335
38 3573
37 3573
4300 3573
51 9347
50 9347
7281 9347
15 189
14 189
4189 189
50 8380
49 8380
9940 8380
13 117
12 117
9669 117
29 1609
28 1609
3853 1609
28 1450
27 1450
4196 1450
46 6822
45 6822
2271 6822
47 7237
46 7237
7551 7237
36 3140
35 3140
3580 3140
52 9771
51 9771
6558 9771
22 649
21 649
9649 649
46 6682
45 6682
25 6682
44 5737
43 5737
3361 5737
32 2047
31 2047
1249 2047
52 9669
51 9669
5409 9669
50 8602
49 8602
3395 8602
41 4700
40 4700
8592 4700
51 8852
50 8852
2102 8852
40 4257
39 4257
9475 4257
20 450
19 450
8379 450
42 5148
41 5148
7421 5148
49 7866
48 7866
7652 7866
33 2439
32 2439
5878 2439
29 1600
28 1600
8687 1600
52 9839
51 9839
858 9839
33 2239
32 2239
5660 2239
37 3356
36 3356
3342 3356
43 5206
42 5206
7003 5206
42 5150
41 5150
3545 5150
48 7627
47 7627
2246 7627
30 1748
29 1748
2322 1748
45 6189
44 6189
9229 6189
49 8192
48 8192
1728 8192
50 8810
49 8810
9354 8810
47 7146
46 7146
1922 7146
48 7277
47 7277
6129 7277
43 5254
42 5254
776 5254
52 9606
51 9606
7026 9606
23 784
22 784
3110 784
42 4923
41 4923
7491 4923
50 8791
49 8791
5013 8791
47 7084
46 7084
5263 7084
42 5126
41 5126
1034 5126
38 3620
37 3620
264 3620
52 9392
51 9392
6688 9392
50 8240
49 8240
8655 8240
50 8525
49 8525
8663 8525
44 5855
43 5855
9379 5855
47 6919
46 6919
5104 6919
44 5661
43 5661
8289 5661
47 6918
46 6918
9713 6918
41 4762
40 4762
2418 4762
14 155
13 155
4991 155
30 1816
29 1816
4946 1816
29 1592
28 1592
7473 1592
39 4114
38 4114
3596 4114
34 2549
33 2549
9333 2549
42 4947
41 4947
6479 4947
52 9446
51 9446
3665 9446
44 5771
43 5771
5094 5771
49 8170
48 8170
9923 8170
43 5423
42 5423
9518 5423
26 1064
25 1064
6578 1064
34 2558
33 2558
2284 2558
21 571
20 571
6402 571
50 8147
49 8147
4441 8147
52 9529
51 9529
8970 9529
42 4909
41 4909
3168 4909
48 7382
47 7382
8288 7382
44 5611
43 5611
8956 5611
45 6005
44 6005
4086 6005
32 2044
31 2044
2238 2044
39 3954
38 3954
4173 3954
50 8713
49 8713
5718 8713
48 7762
47 7762
5479 7762
46 6407
45 6407
4753 6407
42 5250
41 5250
655 5250
48 7364
47 7364
7837 7364
39 3855
38 3855
435 3855
43 5487
42 5487
8277 5487
50 8654
49 8654
8710 8654
44 5808
43 5808
3664 5808
30 1662
29 1662
8199 1662
45 6199
44 6199
6538 6199
47 7258
46 7258
4503 7258
31 2005
30 2005
972 2005
47 7152
46 7152
8205 7152
48 7762
47 7762
5045 7762
34 2637
33 2637
6438 2637
36 3100
35 3100
8712 3100
45 6077
44 6077
9213 6077
23 806
22 806
3449 806
46 6766
45 6766
3087 6766
47 7016
46 7016
1682 7016
50 8784
49 8784
9216 8784
52 9786
51 9786
2966 9786
51 9334
50 9334
6140 9334
24 856
23 856
4906 856
20 458
19 458
2217 458
41 4448
40 4448
8251 4448
52 9561
51 9561
5592 9561
35 2830
34 2830
9274 2830
32 2082
31 2082
1422 2082
32 2196
31 2196
6195 2196
51 8899
50 8899
7709 8899
45 6178
44 6178
3278 6178
39 4055
38 4055
8659 4055
23 755
22 755
910 755
48 7373
47 7373
1447 7373
44 5753
43 5753
9435 5753
19 424
18 424
761 424
37 3448
36 3448
449 3448
43 5436
42 5436
6116 5436
52 9335
51 9335
999 9335
51 9246
50 9246
8030 9246
51 9258
50 9258
4033 9258
47 7155
46 7155
606 7155
22 607
21 607
4695 607
19 384
18 384
4889 384
38 3678
37 3678
9354 3678
52 9748
51 9748
3197 9748
45 6234
44 6234
7919 6234
46 6367
45 6367
5226 6367
52 9742
51 9742
6575 9742
32 2271
31 2271
5956 2271
31 1915
30 1915
8777 1915
32 2178
31 2178
5034 2178
28 1404
27 1404
5561 1404
49 7748
48 7748
4169 7748
33 2308
32 2308
6302 2308
33 2425
32 2425
1046 2425
46 6289
45 6289
4949 6289
33 2349
32 2349
8698 2349
40 4202
39 4202
9402 4202
43 5207
42 5207
671 5207
46 6690
45 6690
5348 6690
49 7977
48 7977
2932 7977
50 8639
49 8639
2451 8639
44 5896
43 5896
2851 5896
39 3907
38 3907
1261 3907
36 3145
35 3145
2164 3145
42 4917
41 4917
8925 4917
29 1586
28 1586
1548 1586
52 9597
51 9597
9371 9597
42 4895
41 4895
7056 4895
27 1252
26 1252
9589 1252
47 7131
46 7131
8734 7131
36 3016
35 3016
5257 3016
24 777
23 777
9020 777
43 5416
42 5416
2642 5416
51 9143
50 9143
6046 9143
35 2842
34 2842
2173 2842
46 6339
45 6339
7629 6339
46 6490
45 6490
6085 6490
40 4269
39 4269
5500 4269
32 2216
31 2216
908 2216
51 8892
50 8892
9873 8892
48 7725
47 7725
5534 7725
39 3833
38 3833
1285 3833
32 2127
31 2127
4466 2127
46 6902
45 6902
1350 6902
47 7145
46 7145
8610 7145
48 7284
47 7284
2149 7284
45 6417
44 6417
7638 6417
45 6306
44 6306
9779 6306
37 3365
36 3365
1439 3365
41 4470
40 4470
6478 4470
39 3872
38 3872
2675 3872
39 4072
38 4072
3437 4072
50 8661
49 8661
6469 8661
53 9929
52 9929
6252 9929
50 8767
49 8767
3143 8767
17 269
16 269
62 269
48 7700
47 7700
323 7700
37 3235
36 3235
8136 3235
51 9235
50 9235
118 9235
41 4603
40 4603
1794 4603
52 9517
51 9517
8665 9517
37 3320
36 3320
5462 3320
36 3125
35 3125
2704 3125
49 8349
48 8349
9278 8349
40 4354
39 4354
3973 4354
39 3983
38 3983
4973 3983
41 4676
40 4676
4419 4676
42 4982
41 4982
1619 4982
50 8785
49 8785
6737 8785
33 2339
32 2339
9456 2339
38 3765
37 3765
4144 3765
31 1876
30 1876
2900 1876
33 2297
32 2297
8891 2297
47 6933
46 6933
8408 6933
49 7918
48 7918
51 7918
43 5246
42 5246
3766 5246
35 2780
34 2780
9134 2780
52 9845
51 9845
3299 9845
29 1616
28 1616
5031 1616
48 7284
47 7284
6273 7284
45 6309
44 6309
1194 6309
49 8233
48 8233
5492 8233
48 7339
47 7339
189 7339
31 1867
30 1867
1340 1867
33 2252
32 2252
7589 2252
42 4947
41 4947
5697 4947
43 5397
42 5397
6474 5397
52 9555
51 9555
8285 9555
43 5095
42 5095
2518 5095
23 781
22 781
1772 781
31 1978
30 1978
3895 1978
51 8833
50 8833
394 8833
50 8546
49 8546
8258 8546
48 7582
47 7582
175 7582
24 865
23 865
4917 865
23 711
22 711
7194 711
36 3127
35 3127
8971 3127
29 1527
28 1527
9192 1527
32 2167
31 2167
1392 2167
49 8235
48 8235
4703 8235
11 73
10 73
8638 73
37 3239
36 3239
9787 3239
50 8430
49 8430
7703 8430
32 2220
31 2220
5792 2220
48 7663
47 7663
5572 7663
49 8298
48 8298
1005 8298
45 6209
44 6209
2794 6209
35 2907
34 2907
4147 2907
25 969
24 969
9984 969
48 7801
47 7801
3574 7801
45 5983
44 5983
3696 5983
41 4682
40 4682
4760 4682
49 7810
48 7810
1895 7810
45 6261
44 6261
2211 6261
45 6171
44 6171
3776 6171
19 414
18 414
5434 414
45 6026
44 6026
4685 6026
48 7661
47 7661
2497 7661
34 2505
33 2505
4684 2505
26 1127
25 1127
9189 1127
35 2921
34 2921
7483 2921
19 423
18 423
5064 423
40 4113
39 4113
3939 4113
42 4871
41 4871
6118 4871
50 8449
49 8449
8941 8449
44 5932
43 5932
7348 5932
35 2725
34 2725
7827 2725
32 2186
31 2186
3775 2186
52 9651
51 9651
3574 9651
19 442
18 442
3404 442
49 8146
48 8146
6913 8146
45 5961
44 5961
7322 5961
50 8520
49 8520
5018 8520
42 4920
41 4920
7013 4920
51 9217
50 9217
7329 9217
38 3603
37 3603
1108 3603
44 5824
43 5824
3291 5824
52 9732
51 9732
495 9732
22 691
21 691
549 691
36 3031
35 3031
5633 3031
32 2196
31 2196
3344 2196
33 2314
32 2314
5802 2314
51 9108
50 9108
6829 9108
29 1602
28 1602
1246 1602
39 3916
38 3916
6815 3916
48 7445
47 7445
9310 7445
35 2757
34 2757
5378 2757
45 6496
44 6496
5756 6496
40 4261
39 4261
4152 4261
26 1140
25 1140
5463 1140
11 44
10 44
9209 44
30 1682
29 1682
5619 1682
52 9851
51 9851
2358 9851
48 7540
47 7540
9635 7540
25 1007
24 1007
4449 1007
23 674
22 674
3216 674
15 176
14 176
2977 176
51 9375
50 9375
3288 9375
47 7070
46 7070
341 7070
26 1155
25 1155
127 1155
40 4171
39 4171
5249 4171
51 8852
50 8852
5226 8852
52 9451
51 9451
3591 9451
40 4164
39 4164
3139 4164
17 291
16 291
2774 291
30 1801
29 1801
5451 1801
40 4181
39 4181
9832 4181
52 9361
51 9361
7999 9361
26 1046
25 1046
6397 1046
39 4117
38 4117
2370 4117
31 1829
30 1829
2373 1829
48 7607
47 7607
5834 7607
52 9370
51 9370
1359 9370
32 2150
31 2150
1811 2150
46 6460
45 6460
890 6460
21 583
20 583
5271 583
50 8605
49 8605
5903 8605
48 7727
47 7727
5783 7727
46 6592
45 6592
8748 6592
47 6992
46 6992
7133 6992
52 9485
51 9485
2085 9485
46 6796
45 6796
6770 6796
23 755
22 755
4523 755
47 7055
46 7055
6868 7055
52 9933
51 9933
2741 9933
29 1691
28 1691
789 1691
50 8499
49 8499
4807 8499
39 3799
38 3799
5190 3799
50 8680
49 8680
9390 8680
24 844
23 844
733 844
46 6540
45 6540
6992 6540
27 1330
26 1330
9777 1330
25 1000
24 1000
3795 1000
46 6478
45 6478
9515 6478
46 6903
45 6903
6145 6903
48 7495
47 7495
2468 7495
39 4080
38 4080
662 4080
51 9053
50 9053
1251 9053
51 8955
50 8955
8497 8955
45 6162
44 6162
7602 6162
40 4374
39 4374
1678 4374
52 9335
51 9335
7084 9335
41 4615
40 4615
944 4615
28 1389
27 1389
9250 1389
51 9164
50 9164
5913 9164
23 770
22 770
479 770
46 6723
45 6723
2414 6723
51 9131
50 9131
1672 9131
49 8181
48 8181
7480 8181
47 6946
46 6946
9719 6946
28 1399
27 1399
5558 1399
47 6908
46 6908
5220 6908
22 584
21 584
1737 584
51 9072
50 9072
9688 9072
49 8225
48 8225
4058 8225
47 7240
46 7240
8421 7240
43 5387
42 5387
2202 5387
23 796
22 796
3007 796
40 4185
39 4185
5268 4185
43 5270
42 5270
6130 5270
27 1245
26 1245
623 1245
19 405
18 405
2254 405
50 8753
49 8753
226 8753
23 717
22 717
4979 717
50 8344
49 8344
3660 8344
36 3043
35 3043
3542 3043
49 8308
48 8308
1881 8308
27 1245
26 1245
1372 1245
33 2217
32 2217
6314 2217
48 7605
47 7605
6730 7605
37 3442
36 3442
4479 3442
45 5939
44 5939
964 5939
27 1265
26 1265
3406 1265
46 6603
45 6603
4365 6603
40 4244
39 4244
5443 4244
39 4212
38 4212
4050 4212
49 7733
48 7733
8758 7733
21 570
20 570
2658 570
44 5651
43 5651
3454 5651
25 893
24 893
6448 893
41 4633
40 4633
4507 4633
52 9717
51 9717
923 9717
24 834
23 834
2003 834
50 8674
49 8674
8323 8674
38 3718
37 3718
4984 3718
46 6537
45 6537
4056 6537
36 3186
35 3186
975 3186
42 5097
41 5097
4781 5097
46 6675
45 6675
8516 6675
39 3969
38 3969
4926 3969
49 8146
48 8146
5555 8146
51 9115
50 9115
9986 9115
37 3343
36 3343
5909 3343
44 6021
43 6021
2573 6021
36 3220
35 3220
4834 3220
30 1844
29 1844
6048 1844
33 2426
32 2426
8214 2426
45 6265
44 6265
3228 6265
34 2692
33 2692
1582 2692
24 884
23 884
6001 884
44 6062
43 6062
8474 6062
52 9679
51 9679
1670 9679
40 4537
39 4537
206 4537
44 5675
43 5675
5359 5675
25 944
24 944
9429 944
21 571
20 571
7998 571
48 7608
47 7608
5222 7608
34 2671
33 2671
2199 2671
49 7776
48 7776
4777 7776
43 5294
42 5294
2636 5294
42 4992
41 4992
9085 4992
44 5928
43 5928
259 5928
47 7129
46 7129
2996 7129
23 698
22 698
7118 698
32 2093
31 2093
8656 2093
53 9894
52 9894
2340 9894
33 2398
32 2398
8075 2398
43 5325
42 5325
2802 5325
14 165
13 165
2259 165
52 9516
51 9516
3686 9516
51 8979
50 8979
9356 8979
52 9911
51 9911
6188 9911
46 6514
45 6514
9493 6514
22 621
21 621
5600 621
33 2363
32 2363
951 2363
31 1980
30 1980
4266 1980
16 206
15 206
9327 206
37 3522
36 3522
1499 3522
41 4753
40 4753
419 4753
51 8734
50 8734
9567 8734
47 7076
46 7076
5960 7076
50 8599
49 8599
7516 8599
42 4845
41 4845
344 4845
41 4674
40 4674
1260 4674
48 7789
47 7789
7654 7789
33 2387
32 2387
6540 2387
35 2921
34 2921
8004 2921
51 9001
50 9001
374 9001
51 8933
50 8933
8288 8933
48 7846
47 7846
5055 7846
52 9741
51 9741
8945 9741
33 2357
32 2357
4071 2357
51 9108
50 9108
5332 9108
29 1577
28 1577
9508 1577
7 11
6 11
1720 11
34 2449
33 2449
4379 2449
39 3824
38 3824
3906 3824
37 3214
36 3214
159 3214
30 1851
29 1851
3578 1851
25 953
24 953
3598 953
27 1368
26 1368
5446 1368
52 9789
51 9789
6547 9789
52 9616
51 9616
9040 9616
46 6597
45 6597
7301 6597
29 1550
28 1550
7340 1550
31 1892
30 1892
9529 1892
24 871
23 871
3900 871
30 1733
29 1733
9945 1733
42 4805
41 4805
9329 4805
44 5940
43 5940
1271 5940
44 5787
43 5787
4755 5787
37 3168
36 3168
8878 3168
46 6697
45 6697
9756 6697
21 550
20 550
470 550
50 8655
49 8655
2423 8655
40 4260
39 4260
6893 4260
49 8178
48 8178
7686 8178
48 7500
47 7500
4197 7500
50 8732
49 8732
3925 8732
31 1929
30 1929
906 1929
44 5652
43 5652
250 5652
44 5725
43 5725
5245 5725
52 9470
51 9470
1688 9470
48 7373
47 7373
6787 7373
48 7362
47 7362
4918 7362
33 2241
32 2241
8441 2241
20 476
19 476
3378 476
47 6904
46 6904
586 6904
50 8613
49 8613
708 8613
42 5097
41 5097
9431 5097
48 7443
47 7443
6718 7443
23 739
22 739
5243 739
48 7646
47 7646
5856 7646
47 7195
46 7195
2963 7195
47 7279
46 7279
3889 7279
36 2989
35 2989
4662 2989
52 9725
51 9725
8461 9725
50 8791
49 8791
8329 8791
52 9945
51 9945
5275 9945
36 2912
35 2912
9816 2912
42 4866
41 4866
7149 4866
41 4496
40 4496
6315 4496
48 7549
47 7549
1274 7549
22 677
21 677
4509 677
22 646
21 646
4886 646
47 7095
46 7095
2493 7095
40 4202
39 4202
3852 4202
52 9654
51 9654
6273 9654
43 5400
42 5400
2066 5400
47 7156
46 7156
6417 7156
46 6400
45 6400
4127 6400
27 1245
26 1245
4538 1245
47 6922
46 6922
3592 6922
13 135
12 135
5726 135
45 6292
44 6292
7166 6292
37 3264
36 3264
4515 3264
44 5777
43 5777
5116 5777
43 5571
42 5571
9057 5571
41 4560
40 4560
3417 4560
37 3550
36 3550
1948 3550
50 8315
49 8315
5073 8315
50 8598
49 8598
5138 8598
46 6518
45 6518
2971 6518
42 4904
41 4904
4546 4904
30 1647
29 1647
6123 1647
26 1048
25 1048
2481 1048
46 6759
45 6759
5633 6759
47 6814
46 6814
370 6814
35 2794
34 2794
8178 2794
30 1694
29 1694
5593 1694
42 4983
41 4983
3259 4983
22 690
21 690
5828 690
27 1196
26 1196
2882 1196
47 6956
46 6956
8109 6956
47 6880
46 6880
8325 6880
36 3070
35 3070
7236 3070
39 3887
38 3887
2409 3887
52 9392
51 9392
8125 9392
45 6248
44 6248
2716 6248
43 5242
42 5242
9376 5242
22 620
21 620
9911 620
36 3028
35 3028
2079 3028
46 6512
45 6512
4390 6512
46 6810
45 6810
4160 6810
49 8099
48 8099
717 8099
50 8721
49 8721
5990 8721
31 1868
30 1868
4744 1868
40 4169
39 4169
7301 4169
46 6888
45 6888
8172 6888
36 3138
35 3138
9165 3138
37 3393
36 3393
3050 3393
11 78
10 78
965 78
50 8694
49 8694
8853 8694
46 6763
45 6763
6103 6763
52 9588
51 9588
2223 9588
51 9279
50 9279
8254 9279
37 3278
36 3278
4408 3278
35 2851
34 2851
6560 2851
48 7310
47 7310
3125 7310
45 6212
44 6212
1700 6212
48 7331
47 7331
7829 7331
52 9532
51 9532
3907 9532
35 2875
34 2875
6760 2875
50 8429
49 8429
5266 8429
49 8151
48 8151
8487 8151
45 5911
44 5911
5811 5911
41 4634
40 4634
3346 4634
44 5865
43 5865
6462 5865
26 1120
25 1120
8666 1120
46 6800
45 6800
9572 6800
53 9952
52 9952
8759 9952
52 10000
51 10000
3632 10000
30 1648
29 1648
6618 1648
14 148
13 148
3282 148
52 9479
51 9479
1208 9479
49 8146
48 8146
6894 8146
49 8432
48 8432
5865 8432
46 6481
45 6481
8427 6481
52 9711
51 9711
9872 9711
50 8844
49 8844
5881 8844
45 6217
44 6217
6188 6217
34 2477
33 2477
4188 2477
38 3648
37 3648
7376 3648
30 1738
29 1738
9387 1738
39 3862
38 3862
928 3862
44 5758
43 5758
3804 5758
32 2250
31 2250
9250 2250
33 2322
32 2322
9873 2322
52 9550
51 9550
2253 9550
44 5658
43 5658
977 5658
28 1480
27 1480
2611 1480
42 4884
41 4884
1870 4884
49 8309
48 8309
2912 8309
47 6958
46 6958
8882 6958
48 7678
47 7678
7779 7678
18 351
17 351
4082 351
42 5132
41 5132
6195 5132
39 3995
38 3995
77 3995
46 6552
45 6552
6865 6552
49 8087
48 8087
5401 8087
39 4010
38 4010
4644 4010
21 624
20 624
919 624
42 4857
41 4857
8718 4857
33 2467
32 2467
8913 2467
45 5991
44 5991
6199 5991
37 3366
36 3366
2663 3366
34 2590
33 2590
9659 2590
42 5059
41 5059
6852 5059
40 4162
39 4162
439 4162
40 4366
39 4366
2841 4366
49 8165
48 8165
8691 8165
48 7667
47 7667
9898 7667
39 3955
38 3955
8928 3955
41 4576
40 4576
3357 4576
51 9408
50 9408
6200 9408
39 4020
38 4020
1108 4020
43 5447
42 5447
6324 5447
42 5116
41 5116
9424 5116
41 4587
40 4587
8612 4587
15 184
14 184
2240 184
49 8039
48 8039
4616 8039
44 5864
43 5864
1875 5864
52 9675
51 9675
3910 9675
12 98
11 98
2667 98
30 1631
29 1631
6533 1631
43 5152
42 5152
4198 5152
30 1682
29 1682
1611 1682
47 6719
46 6719
1761 6719
38 3634
37 3634
8878 3634
48 7629
47 7629
1960 7629
20 475
19 475
1941 475
42 5250
41 5250
3893 5250
44 5862
43 5862
9315 5862
31 2001
30 2001
1569 2001
26 1092
25 1092
1105 1092
30 1776
29 1776
426 1776
48 7606
47 7606
2308 7606
52 9410
51 9410
6873 9410
51 9027
50 9027
4151 9027
52 9525
51 9525
5715 9525
46 6822
45 6822
3861 6822
20 454
19 454
6328 454
34 2501
33 2501
572 2501
37 3519
36 3519
4142 3519
50 8805
49 8805
5507 8805
50 8891
49 8891
2307 8891
18 367
17 367
2280 367
44 5717
43 5717
2515 5717
38 3560
37 3560
6118 3560
34 2566
33 2566
8118 2566
41 4369
40 4369
5043 4369
38 3596
37 3596
8597 3596
30 1735
29 1735
6740 1735
28 1301
27 1301
1967 1301
43 5325
42 5325
1850 5325
30 1747
29 1747
8432 1747
22 593
21 593
5828 593
41 4490
40 4490
1083 4490
39 3905
38 3905
7709 3905
41 4593
40 4593
4815 4593
44 5561
43 5561
1762 5561
13 123
12 123
2690 123
47 6922
46 6922
6058 6922
41 4491
40 4491
5155 4491
50 8848
49 8848
6079 8848
48 7530
47 7530
308 7530
40 4178
39 4178
7982 4178
51 8884
50 8884
7627 8884
42 4749
41 4749
2794 4749
42 5128
41 5128
847 5128
52 9503
51 9503
99 9503
50 8478
49 8478
6901 8478
43 5517
42 5517
9322 5517
27 1227
26 1227
7409 1227
32 2086
31 2086
2798 2086
52 9946
51 9946
8916 9946
48 7445
47 7445
2972 7445
42 4772
41 4772
3745 4772
45 6205
44 6205
6175 6205
37 3302
36 3302
7892 3302
37 3281
36 3281
8026 3281
42 5084
41 5084
3061 5084
37 3498
36 3498
8191 3498
38 3702
37 3702
9661 3702
29 1620
28 1620
9576 1620
47 7093
46 7093
8289 7093
33 2499
32 2499
7249 2499
50 8501
49 8501
5582 8501
27 1206
26 1206
5802 1206
43 5415
42 5415
8093 5415
40 4119
39 4119
8008 4119
47 7040
46 7040
6544 7040
50 8502
49 8502
3416 8502
36 3162
35 3162
1842 3162
37 3370
36 3370
8753 3370
46 6644
45 6644
610 6644
40 4199
39 4199
5832 4199
41 4785
40 4785
6666 4785
51 9339
50 9339
4772 9339
23 745
22 745
4919 745
47 7131
46 7131
4566 7131
16 237
15 237
2567 237
43 5201
42 5201
8476 5201
34 2560
33 2560
2171 2560
45 6284
44 6284
4899 6284
37 3376
36 3376
3261 3376
45 6197
44 6197
6243 6197
25 1010
24 1010
7833 1010
49 8041
48 8041
2867 8041
51 9212
50 9212
7587 9212
33 2401
32 2401
7121 2401
49 8221
48 8221
4487 8221
33 2326
32 2326
8699 2326
21 529
20 529
382 529
38 3470
37 3470
711 3470
33 2424
32 2424
6106 2424
48 7751
47 7751
2618 7751
51 8872
50 8872
5301 8872
52 9580
51 9580
7345 9580
22 715
21 715
2141 715
52 9461
51 9461
9737 9461
52 9647
51 9647
8112 9647
42 4975
41 4975
1140 4975
47 7088
46 7088
5927 7088
51 9070
50 9070
628 9070
4 3
3 3
5712 3
42 5089
41 5089
9081 5089
51 9274
50 9274
8956 9274
26 1061
25 1061
350 1061
50 8606
49 8606
8364 8606
52 9562
51 9562
5465 9562
14 159
13 159
88 159
52 9429
51 9429
630 9429
40 4310
39 4310
4237 4310
45 6131
44 6131
1107 6131
42 5115
41 5115
928 5115
32 2077
31 2077
7414 2077
49 7987
48 7987
3367 7987
50 8589
49 8589
7520 8589
37 3373
36 3373
7626 3373
52 9576
51 9576
2021 9576
26 1058
25 1058
9390 1058
45 6305
44 6305
5393 6305
37 3233
36 3233
2848 3233
35 2971
34 2971
4397 2971
48 7475
47 7475
6202 7475
50 8527
49 8527
4370 8527
42 4874
41 4874
620 4874
51 9143
50 9143
2372 9143
51 9005
50 9005
1035 9005
44 5967
43 5967
6687 5967
47 7048
46 7048
3342 7048
43 5171
42 5171
3767 5171
48 7370
47 7370
5033 7370
42 4847
41 4847
4740 4847
52 9576
51 9576
642 9576
34 2562
33 2562
3764 2562
50 8598
49 8598
9160 8598
26 1156
25 1156
3434 1156
44 6034
43 6034
2974 6034
19 393
18 393
1410 393
45 6049
44 6049
9318 6049
46 6745
45 6745
9681 6745
40 4500
39 4500
6842 4500
50 8711
49 8711
1043 8711
39 4029
38 4029
5838 4029
25 926
24 926
2893 926
52 9579
51 9579
3520 9579
53 9957
52 9957
6199 9957
52 9662
51 9662
6351 9662
42 5040
41 5040
7243 5040
51 8947
50 8947
986 8947
30 1709
29 1709
8077 1709
48 7721
47 7721
7469 7721
48 7312
47 7312
475 7312
49 8246
48 8246
9684 8246
42 4840
41 4840
4203 4840
37 3264
36 3264
421 3264
51 9453
50 9453
5116 9453
28 1307
27 1307
6525 1307
52 9921
51 9921
5166 9921
31 2020
30 2020
6188 2020
42 4962
41 4962
1080 4962
25 969
24 969
4827 969
44 6015
43 6015
7259 6015
49 7858
48 7858
718 7858
25 1006
24 1006
6910 1006
35 2875
34 2875
4097 2875
35 2919
34 2919
967 2919
28 1411
27 1411
1752 1411
40 4327
39 4327
8563 4327
43 5099
42 5099
5347 5099
28 1453
27 1453
7770 1453
44 5819
43 5819
3355 5819
52 9817
51 9817
9715 9817
44 5633
43 5633
2478 5633
41 4489
40 4489
4778 4489
33 2245
32 2245
2661 2245
44 5635
43 5635
854 5635
31 1840
30 1840
102 1840
49 7923
48 7923
9540 7923
22 629
21 629
7226 629
40 4123
39 4123
7530 4123
50 8527
49 8527
6177 8527
32 2210
31 2210
114 2210
52 9804
51 9804
9638 9804
43 5439
42 5439
5519 5439
36 2985
35 2985
3399 2985
42 5026
41 5026
9311 5026
51 9188
50 9188
6904 9188
29 1454
28 1454
1463 1454
38 3810
37 3810
9978 3810
47 7395
46 7395
6652 7395
51 9109
50 9109
7975 9109
31 1888
30 1888
7426 1888
45 6160
44 6160
7216 6160
42 4966
41 4966
1346 4966
45 6438
44 6438
2302 6438
51 9005
50 9005
8810 9005
50 8760
49 8760
575 8760
44 5954
43 5954
7592 5954
26 1123
25 1123
2593 1123
52 9467
51 9467
6012 9467
33 2239
32 2239
4054 2239
52 9742
51 9742
4713 9742
52 9954
51 9954
7899 9954
44 5740
43 5740
6073 5740
52 9304
51 9304
6883 9304
39 3797
38 3797
5290 3797
51 9083
50 9083
9705 9083
41 4707
40 4707
6124 4707
20 485
19 485
6800 485
36 2989
35 2989
2203 2989
29 1566
28 1566
4788 1566
48 7781
47 7781
2887 7781
47 6921
46 6921
246 6921
17 283
16 283
9938 283
38 3775
37 3775
1842 3775
38 3632
37 3632
9484 3632
50 8749
49 8749
351 8749
49 7969
48 7969
4690 7969
42 5134
41 5134
7170 5134
40 4253
39 4253
4821 4253
32 2044
31 2044
3037 2044
41 4754
40 4754
8584 4754
41 4786
40 4786
3959 4786
49 8168
48 8168
5441 8168
26 974
25 974
3365 974
31 1966
30 1966
9372 1966
37 3416
36 3416
1232 3416
27 1247
26 1247
5126 1247
23 798
22 798
5648 798
39 4100
38 4100
8609 4100
44 5721
43 5721
9758 5721
36 3082
35 3082
1486 3082
50 8634
49 8634
945 8634
52 9802
51 9802
7681 9802
28 1357
27 1357
5386 1357
52 9628
51 9628
8240 9628
42 4828
41 4828
3124 4828
43 5441
42 5441
8873 5441
35 2838
34 2838
6825 2838
34 2639
33 2639
4758 2639
45 6311
44 6311
8827 6311
45 6372
44 6372
6127 6372
31 1912
30 1912
6122 1912
42 4925
41 4925
4907 4925
46 6455
45 6455
7564 6455
45 6390
44 6390
1602 6390
38 3828
37 3828
5031 3828
51 9203
50 9203
8023 9203
36 3178
35 3178
7620 3178
48 7432
47 7432
2094 7432
32 2209
31 2209
1029 2209
50 8553
49 8553
8691 8553
36 3127
35 3127
3290 3127
51 9340
50 9340
2433 9340
38 3656
37 3656
3664 3656
50 8673
49 8673
5804 8673
41 4778
40 4778
1566 4778
40 4167
39 4167
1573 4167
36 3161
35 3161
7619 3161
21 493
20 493
8061 493
48 7418
47 7418
2649 7418
46 6465
45 6465
5097 6465
34 2429
33 2429
8254 2429
29 1561
28 1561
5018 1561
36 3044
35 3044
8721 3044
49 8178
48 8178
3479 8178
41 4624
40 4624
8781 4624
52 9700
51 9700
6207 9700
51 9177
50 9177
3955 9177
51 9078
50 9078
1638 9078
51 8947
50 8947
9044 8947
49 7976
48 7976
9505 7976
41 4518
40 4518
624 4518
50 8211
49 8211
5413 8211
40 4389
39 4389
8695 4389
32 2104
31 2104
492 2104
52 9703
51 9703
9751 9703
52 9693
51 9693
7542 9693
44 5610
43 5610
7383 5610
52 9462
51 9462
2904 9462
38 3782
37 3782
8693 3782
50 8578
49 8578
4747 8578
41 4544
40 4544
1590 4544
49 8100
48 8100
4332 8100
41 4789
40 4789
2157 4789
46 6536
45 6536
2589 6536
49 8187
48 8187
1137 8187
38 3651
37 3651
7526 3651
38 3523
37 3523
9838 3523
44 5937
43 5937
2815 5937
51 9001
50 9001
7707 9001
31 1948
30 1948
5139 1948
44 5501
43 5501
5990 5501
28 1361
27 1361
6927 1361
49 7865
48 7865
4046 7865
16 270
15 270
3769 270
37 3553
36 3553
4180 3553
31 2004
30 2004
2064 2004
52 9748
51 9748
1083 9748
46 6562
45 6562
1365 6562
19 380
18 380
9468 380
46 6676
45 6676
9353 6676
40 4122
39 4122
1204 4122
31 2016
30 2016
1031 2016
34 2622
33 2622
2984 2622
36 3131
35 3131
5039 3131
20 428
19 428
9 428
35 2951
34 2951
1901 2951
48 7668
47 7668
3909 7668
32 2111
31 2111
6468 2111
32 2147
31 2147
559 2147
43 5470
42 5470
8765 5470
43 5156
42 5156
5085 5156
49 8098
48 8098
8588 8098
22 665
21 665
1754 665
49 8000
48 8000
9373 8000
46 6550
45 6550
848 6550
52 9870
51 9870
2153 9870
29 1516
28 1516
4490 1516
49 8259
48 8259
1125 8259
34 2641
33 2641
9866 2641
45 6413
44 6413
8518 6413
46 6653
45 6653
5367 6653
32 2168
31 2168
1684 2168
47 7004
46 7004
3482 7004
49 7929
48 7929
4193 7929
43 5517
42 5517
5809 5517
52 9476
51 9476
6441 9476
12 112
11 112
199 112
45 6163
44 6163
6551 6163
33 2352
32 2352
5728 2352
49 8448
48 8448
7792 8448
46 6407
45 6407
4899 6407
31 1853
30 1853
4914 1853
49 8256
48 8256
7308 8256
45 6496
44 6496
5465 6496
33 2371
32 2371
3190 2371
39 3942
38 3942
1849 3942
47 6952
46 6952
9619 6952
41 4703
40 4703
2586 4703
50 8623
49 8623
9916 8623
19 445
18 445
6034 445
43 5271
42 5271
6211 5271
26 1124
25 1124
3171 1124
39 3881
38 3881
3749 3881
38 3512
37 3512
6985 3512
45 5993
44 5993
6300 5993
49 8222
48 8222
1181 8222
48 7690
47 7690
5075 7690
52 9606
51 9606
4210 9606
32 2173
31 2173
8759 2173
49 8019
48 8019
2512 8019
42 5086
41 5086
7889 5086
42 4770
41 4770
7623 4770
37 3275
36 3275
3151 3275
33 2416
32 2416
623 2416
3 1
2 1
657 1
47 6813
46 6813
2395 6813
50 8641
49 8641
1878 8641
43 5349
42 5349
3751 5349
51 9230
50 9230
5418 9230
43 5306
42 5306
8980 5306
34 2675
33 2675
9825 2675
49 8181
48 8181
1689 8181
41 4768
40 4768
2453 4768
43 5339
42 5339
1735 5339
37 3385
36 3385
7850 3385
32 2157
31 2157
3912 2157
50 8492
49 8492
4171 8492
33 2440
32 2440
9417 2440
49 8027
48 8027
3227 8027
24 808
23 808
2196 808
42 5062
41 5062
1435 5062
51 8951
50 8951
5745 8951
44 5876
43 5876
4092 5876
52 9892
51 9892
8665 9892
46 6341
45 6341
9270 6341
47 7191
46 7191
622 7191
39 3820
38 3820
6803 3820
37 3258
36 3258
9939 3258
42 4999
41 4999
1277 4999
41 4369
40 4369
5258 4369
49 8254
48 8254
2631 8254
43 5441
42 5441
7184 5441
50 8299
49 8299
4753 8299
21 527
20 527
8916 527
47 7108
46 7108
7069 7108
40 4155
39 4155
756 4155
41 4532
40 4532
209 4532
11 66
10 66
895 66
45 6139
44 6139
1078 6139
33 2385
32 2385
4276 2385
34 2637
33 2637
7768 2637
43 5317
42 5317
8725 5317
41 4494
40 4494
2350 4494
50 8541
49 8541
7741 8541
45 6248
44 6248
5925 6248
51 9380
50 9380
190 9380
37 3208
36 3208
5158 3208
41 4625
40 4625
7702 4625
27 1288
26 1288
4555 1288
51 9009
50 9009
8727 9009
51 8960
50 8960
5609 8960
48 7735
47 7735
3052 7735
50 8635
49 8635
4732 8635
39 3837
38 3837
6867 3837
34 2531
33 2531
2193 2531
43 5514
42 5514
7014 5514
51 9212
50 9212
6346 9212
31 1823
30 1823
5673 1823
24 897
23 897
2931 897
48 7589
47 7589
7893 7589
51 9373
50 9373
764 9373
21 524
20 524
1117 524
49 8181
48 8181
3312 8181
42 4960
41 4960
4137 4960
38 3718
37 3718
7720 3718
50 8725
49 8725
1457 8725
16 205
15 205
3040 205
40 4177
39 4177
3931 4177
30 1723
29 1723
4505 1723
51 9340
50 9340
6428 9340
31 2080
30 2080
2589 2080
47 7254
46 7254
2847 7254
36 3016
35 3016
3291 3016
48 7692
47 7692
3855 7692
41 4608
40 4608
8805 4608
31 1922
30 1922
1731 1922
52 9546
51 9546
467 9546
47 6912
46 6912
8752 6912
43 5457
42 5457
5757 5457
32 2175
31 2175
9680 2175
50 8606
49 8606
5163 8606
44 5647
43 5647
2701 5647
29 1634
28 1634
2281 1634
41 4602
40 4602
1581 4602
30 1610
29 1610
6575 1610
51 9279
50 9279
6207 9279
50 8476
49 8476
8692 8476
47 7290
46 7290
3279 7290
44 5624
43 5624
7817 5624
46 6542
45 6542
7535 6542
39 3903
38 3903
6916 3903
47 7105
46 7105
7259 7105
46 6371
45 6371
3799 6371
45 6219
44 6219
1731 6219
50 8410
49 8410
610 8410
45 6324
44 6324
3825 6324
33 2265
32 2265
7489 2265
40 4273
39 4273
229 4273
42 4922
41 4922
8029 4922
44 5881
43 5881
5922 5881
40 4282
39 4282
1008 4282
45 6180
44 6180
2364 6180
53 9997
52 9997
3134 9997
33 2486
32 2486
9061 2486
40 4382
39 4382
7270 4382
44 5984
43 5984
2408 5984
50 8602
49 8602
1937 8602
37 3378
36 3378
2400 3378
42 5059
41 5059
867 5059
49 8008
48 8008
6156 8008
34 2505
33 2505
8441 2505
