100 99
95 38
38 92
92 19
19 64
64 84
84 56
56 34
34 21
21 3
3 88
88 90
90 87
87 5
5 31
31 79
79 24
24 99
99 49
49 22
22 60
60 65
65 100
100 28
28 69
69 26
26 96
96 71
71 29
29 70
70 85
85 9
9 18
18 23
23 10
10 93
93 53
53 13
13 39
39 50
50 14
14 1
1 73
73 40
40 15
15 52
52 45
45 8
8 86
86 94
94 47
47 82
82 27
27 76
76 20
20 25
25 16
16 37
37 54
54 11
11 32
32 36
36 62
62 80
80 67
67 97
97 89
89 55
55 66
66 68
68 43
43 59
59 6
6 75
75 83
83 12
12 7
7 74
74 17
17 42
42 51
51 72
72 57
57 78
78 98
98 81
81 4
4 41
41 2
2 58
58 77
77 46
46 61
61 48
48 35
35 63
63 30
30 91
91 44
44 33
