100 99
85 93
95 93
51 93
41 95
69 85
65 51
32 41
75 85
78 85
23 95
45 32
5 85
43 69
67 95
52 85
47 93
64 41
86 52
33 5
49 45
40 75
4 86
30 49
36 95
28 33
88 30
73 40
84 28
76 64
9 33
79 88
57 9
42 30
24 49
54 73
8 88
90 45
2 67
61 78
31 67
77 95
1 8
72 86
34 90
39 34
55 49
59 36
13 85
26 95
15 77
29 32
99 69
20 31
6 2
62 57
97 55
16 84
35 20
48 51
71 64
25 55
50 1
100 62
98 65
82 30
14 95
74 50
66 99
21 20
37 73
92 79
58 69
18 77
87 82
27 34
46 27
89 29
63 95
22 69
12 67
44 78
11 97
60 54
3 41
10 30
38 95
83 35
81 46
7 55
80 97
91 93
96 3
53 21
17 75
56 1
68 38
94 13
70 65
19 1
