100
3 1
2 1
4 2
3 2
4 3
3 3
5 4
4 4
6 5
5 5
5 6
4 6
6 7
5 7
7 8
6 8
6 9
5 9
6 10
5 10
7 11
6 11
6 12
5 12
7 13
6 13
8 14
7 14
7 15
6 15
7 16
6 16
8 17
7 17
7 18
6 18
8 19
7 19
7 20
6 20
8 21
7 21
8 22
7 22
8 23
7 23
8 24
7 24
8 25
7 25
8 26
7 26
9 27
8 27
9 28
8 28
9 29
8 29
8 30
7 30
9 31
8 31
9 32
8 32
9 33
8 33
10 34
9 34
9 35
8 35
9 36
8 36
10 37
9 37
10 38
9 38
10 39
9 39
9 40
8 40
10 41
9 41
9 42
8 42
10 43
9 43
11 44
10 44
9 45
8 45
10 46
9 46
11 47
10 47
10 48
9 48
10 49
9 49
10 50
9 50
10 51
9 51
10 52
9 52
11 53
10 53
11 54
10 54
10 55
9 55
10 56
9 56
10 57
9 57
11 58
10 58
11 59
10 59
10 60
9 60
11 61
10 61
11 62
10 62
10 63
9 63
11 64
10 64
11 65
10 65
11 66
10 66
11 67
10 67
12 68
11 68
11 69
10 69
11 70
10 70
11 71
10 71
11 72
10 72
11 73
10 73
12 74
11 74
11 75
10 75
12 76
11 76
11 77
10 77
11 78
10 78
12 79
11 79
12 80
11 80
12 81
11 81
12 82
11 82
12 83
11 83
11 84
10 84
12 85
11 85
12 86
11 86
12 87
11 87
12 88
11 88
13 89
12 89
12 90
11 90
12 91
11 91
12 92
11 92
12 93
11 93
12 94
11 94
13 95
12 95
13 96
12 96
13 97
12 97
12 98
11 98
12 99
11 99
12 100
11 100
